34.8953015433
34.8921443012
34.8889876483
34.8858315845
34.8826761097
34.8795212235
34.8763669259
34.8732132167
34.8700600957
34.8669075627
34.8637556177
34.8606042603
34.8574534906
34.8543033082
34.851153713
34.8480047049
34.8448562837
34.8417084492
34.8385612013
34.8354145397
34.8322684644
34.8291229751
34.8259780718
34.8228337541
34.819690022
34.8165468753
34.8134043138
34.8102623374
34.8071209458
34.803980139
34.8008399168
34.5824671679
34.5793680294
34.5762694636
34.5731714705
34.5700740499
34.5669772015
34.5638809253
34.560785221
34.5576900886
34.5545955278
34.5515015386
34.5484081206
34.5453152738
34.5422229981
34.5391312931
34.5360401589
34.5329495952
34.5298596019
34.5267701788
34.5236813257
34.5205930425
34.517505329
34.5144181852
34.5113316107
34.5082456054
34.5051601693
34.5020753021
34.4989910036
34.4959072737
34.4928241123
34.2753627377
34.2723200886
34.2692779964
34.266236461
34.2631954822
34.2601550599
34.257115194
34.2540758842
34.2510371304
34.2479989325
34.2449612903
34.2419242037
34.2388876724
34.2358516964
34.2328162755
34.2297814095
34.2267470983
34.2237133417
34.2206801396
34.2176474918
34.2146153981
34.2115838585
34.2085528727
34.2055224405
34.202492562
34.1994632368
34.1964344649
34.193406246
34.1903785801
34.1873514669
34.1843249064
33.9738298147
33.9708421005
33.967854928
33.964868297
33.9618822074
33.9588966591
33.9559116519
33.9529271856
33.9499432601
33.9469598753
33.9439770309
33.9409947269
33.9380129632
33.9350317394
33.9320510556
33.9290709115
33.926091307
33.923112242
33.9201337163
33.9171557297
33.9141782822
33.9112013735
33.9082250035
33.9052491721
33.9022738791
33.8992991243
33.8963249077
33.893351229
33.8903780882
33.8874054851
33.6777157948
33.6747815181
33.6718477683
33.6689145454
33.6659818492
33.6630496795
33.6601180363
33.6571869194
33.6542563286
33.6513262637
33.6483967248
33.6454677115
33.6425392238
33.6396112615
33.6366838244
33.6337569125
33.6308305256
33.6279046635
33.6249793262
33.6220545133
33.6191302249
33.6162064608
33.6132832207
33.6103605047
33.6074383125
33.6045166439
33.601595499
33.5986748774
33.5957547791
33.5928352039
33.5899161517
33.386873641
33.3839913585
33.3811095889
33.3782283319
33.3753475876
33.3724673556
33.3695876359
33.3667084283
33.3638297328
33.3609515491
33.3580738771
33.3551967168
33.3523200678
33.3494439302
33.3465683037
33.3436931883
33.3408185837
33.3379444899
33.3350709067
33.332197834
33.3293252717
33.3264532195
33.3235816774
33.3207106452
33.3178401228
33.3149701101
33.3121006068
33.309231613
33.3063631283
33.3034951528
