0.712019504595
0.711997993889
0.711976485121
0.711954978293
0.711933473403
0.71191197045
0.711890469435
0.711868970357
0.711847473216
0.711825978011
0.711804484742
0.711782993409
0.711761504012
0.711740016549
0.711718531021
0.711697047427
0.711675565767
0.71165408604
0.711632608247
0.711611132387
0.711589658459
0.711568186463
0.711546716399
0.711525248266
0.711503782064
0.711482317793
0.711460855453
0.711439395042
0.711417936561
0.711396480009
0.711375025386
0.709877973882
0.709856655304
0.709835338629
0.709814023858
0.70979271099
0.709771400023
0.709750090959
0.709728783797
0.709707478536
0.709686175176
0.709664873717
0.709643574158
0.709622276499
0.709600980739
0.709579686879
0.709558394918
0.709537104856
0.709515816691
0.709494530425
0.709473246056
0.709451963584
0.709430683009
0.709409404331
0.709388127549
0.709366852663
0.709345579672
0.709324308576
0.709303039375
0.709281772068
0.709260506655
0.707755482164
0.70773435222
0.707713224146
0.70769209794
0.707670973602
0.707649851132
0.70762873053
0.707607611796
0.707586494928
0.707565379927
0.707544266792
0.707523155524
0.707502046121
0.707480938583
0.70745983291
0.707438729102
0.707417627159
0.707396527079
0.707375428863
0.70735433251
0.70733323802
0.707312145393
0.707291054628
0.707269965725
0.707248878683
0.707227793503
0.707206710184
0.707185628725
0.707164549127
0.707143471388
0.707122395509
0.705651685095
0.705630740392
0.705609797526
0.705588856494
0.705567917298
0.705546979936
0.705526044408
0.705505110715
0.705484178855
0.705463248828
0.705442320635
0.705421394274
0.705400469745
0.705379547049
0.705358626184
0.70533770715
0.705316789948
0.705295874576
0.705274961034
0.705254049323
0.705233139441
0.705212231388
0.705191325165
0.70517042077
0.705149518204
0.705128617466
0.705107718555
0.705086821472
0.705065926216
0.705045032787
0.703566248277
0.703545485521
0.703524724568
0.703503965418
0.703483208071
0.703462452526
0.703441698782
0.703420946841
0.7034001967
0.703379448361
0.703358701822
0.703337957083
0.703317214144
0.703296473005
0.703275733665
0.703254996124
0.703234260382
0.703213526438
0.703192794292
0.703172063944
0.703151335393
0.70313060864
0.703109883683
0.703089160522
0.703068439158
0.70304771959
0.703027001817
0.703006285839
0.702985571656
0.702964859267
0.702944148673
0.701498846869
0.701478262859
0.70145768062
0.701437100152
0.701416521455
0.701395944528
0.701375369372
0.701354795986
0.70133422437
0.701313654523
0.701293086446
0.701272520137
0.701251955597
0.701231392824
0.70121083182
0.701190272583
0.701169715114
0.701149159411
0.701128605475
0.701108053305
0.701087502902
0.701066954264
0.701046407391
0.701025862284
0.701005318941
0.700984777362
0.700964237548
0.700943699498
0.700923163211
0.700902628688
