1.18881956127
1.18866964664
1.18851982395
1.18837009286
1.18822045305
1.18807090417
1.18792144588
1.18777207786
1.18762279979
1.18747361132
1.18732451213
1.18717550191
1.18702658033
1.18687774707
1.18672900181
1.18658034424
1.18643177404
1.18628329091
1.18613489453
1.18598658459
1.1858383608
1.18569022284
1.18554217041
1.18539420322
1.18524632096
1.18509852334
1.18495081006
1.18480318083
1.18465563536
1.18450817335
1.18436079453
1.17423552013
1.17409340634
1.17395135883
1.17380937744
1.17366746196
1.17352561221
1.173383828
1.17324210914
1.17310045546
1.17295886676
1.17281734287
1.1726758836
1.17253448877
1.17239315819
1.1722518917
1.17211068911
1.17196955025
1.17182847494
1.17168746299
1.17154651425
1.17140562853
1.17126480566
1.17112404548
1.1709833478
1.17084271246
1.17070213929
1.17056162812
1.17042117879
1.17028079112
1.17014046495
1.16032508688
1.16018880233
1.16005256915
1.15991638722
1.15978025643
1.15964417668
1.15950814783
1.15937216979
1.15923624243
1.15910036564
1.15896453932
1.15882876334
1.15869303761
1.158557362
1.15842173641
1.15828616073
1.15815063485
1.15801515867
1.15787973206
1.15774435493
1.15760902717
1.15747374867
1.15733851933
1.15720333903
1.15706820768
1.15693312518
1.1567980914
1.15666310626
1.15652816965
1.15639328146
1.1562584416
1.14693407916
1.14680243384
1.14667083051
1.14653926909
1.14640774951
1.14627627169
1.14614483556
1.14601344104
1.14588208806
1.14575077654
1.14561950641
1.14548827761
1.14535709004
1.14522594366
1.14509483837
1.14496377411
1.14483275081
1.14470176839
1.14457082679
1.14443992593
1.14430906575
1.14417824616
1.14404746712
1.14391672853
1.14378603034
1.14365537247
1.14352475486
1.14339417743
1.14326364012
1.14313314287
1.13396624492
1.13383846756
1.13371072589
1.13358301987
1.13345534945
1.13332771456
1.13320011517
1.13307255121
1.13294502265
1.13281752942
1.13269007147
1.13256264876
1.13243526124
1.13230790885
1.13218059154
1.13205330927
1.13192606198
1.13179884963
1.13167167216
1.13154452952
1.13141742168
1.13129034857
1.13116331015
1.13103630637
1.13090933718
1.13078240254
1.13065550239
1.13052863669
1.13040180538
1.13027500843
1.13014824579
1.12135743142
1.12123299188
1.1211085836
1.12098420653
1.12085986064
1.12073554589
1.12061126225
1.12048700966
1.12036278811
1.12023859755
1.12011443794
1.11999030925
1.11986621144
1.11974214447
1.11961810831
1.11949410292
1.11937012826
1.1192461843
1.11912227101
1.11899838834
1.11887453626
1.11875071474
1.11862692373
1.11850316321
1.11837943313
1.11825573347
1.11813206418
1.11800842524
1.1178848166
1.11776123823
