2.29298516296
2.29233512973
2.29168671302
2.29103990615
2.29039470252
2.28975109553
2.28910907863
2.28846864532
2.28782978911
2.28719250356
2.28655678226
2.28592261885
2.28529000698
2.28465894036
2.2840294127
2.28340141779
2.28277494941
2.28215000139
2.28152656762
2.28090464197
2.2802842184
2.27966529084
2.27904785332
2.27843189985
2.27781742449
2.27720442134
2.27659288452
2.27598280819
2.27537418653
2.27476701376
2.27416128413
2.23503378929
2.23451752009
2.23400234907
2.23348827223
2.23297528563
2.23246338535
2.23195256746
2.23144282807
2.23093416331
2.23042656932
2.22992004226
2.22941457832
2.22891017369
2.22840682458
2.22790452725
2.22740327792
2.22690307289
2.22640390843
2.22590578085
2.22540868648
2.22491262166
2.22441758274
2.22392356611
2.22343056815
2.22293858527
2.2224476139
2.22195765049
2.22146869149
2.22098073339
2.22049377267
2.18826827484
2.18784487587
2.18742225717
2.18700041625
2.18657935058
2.18615905769
2.18573953509
2.18532078033
2.18490279093
2.18448556445
2.18406909845
2.18365339051
2.18323843821
2.18282423915
2.18241079092
2.18199809115
2.18158613746
2.18117492748
2.18076445886
2.18035472925
2.17994573632
2.17953747774
2.1791299512
2.17872315439
2.17831708501
2.17791174078
2.17750711943
2.17710321868
2.17670003628
2.17629756998
2.17589581754
2.14942310609
2.14906685035
2.1487111692
2.14835606097
2.14800152401
2.14764755666
2.14729415728
2.14694132422
2.14658905586
2.14623735057
2.14588620671
2.14553562269
2.14518559689
2.14483612771
2.14448721355
2.14413885282
2.14379104395
2.14344378534
2.14309707543
2.14275091266
2.14240529546
2.14206022228
2.14171569158
2.14137170181
2.14102825143
2.14068533891
2.14034296274
2.14000112139
2.13965981335
2.13931903711
2.11639566048
2.11608955583
2.11578388683
2.11547865234
2.11517385122
2.11486948231
2.1145655445
2.11426203664
2.1139589576
2.11365630628
2.11335408153
2.11305228226
2.11275090734
2.11244995567
2.11214942615
2.11184931767
2.11154962914
2.11125035947
2.11095150756
2.11065307234
2.11035505272
2.11005744762
2.10976025597
2.1094634767
2.10916710875
2.10887115105
2.10857560255
2.10828046218
2.1079857289
2.10769140166
2.10739747942
2.08777078702
2.08750316004
2.0872358715
2.08696892058
2.08670230648
2.08643602836
2.08617008544
2.0859044769
2.08563920194
2.08537425976
2.08510964956
2.08484537055
2.08458142193
2.0843178029
2.0840545127
2.08379155052
2.08352891558
2.08326660711
2.08300462433
2.08274296646
2.08248163273
2.08222062237
2.08195993461
2.08169956869
2.08143952384
2.0811797993
2.08092039431
2.08066130812
2.08040253998
2.08014408913
