0.645283790131
0.645264488214
0.645245187494
0.645225887973
0.645206589649
0.645187292522
0.645167996592
0.64514870186
0.645129408325
0.645110115987
0.645090824846
0.645071534901
0.645052246153
0.645032958601
0.645013672246
0.644994387087
0.644975103125
0.644955820358
0.644936538787
0.644917258412
0.644897979232
0.644878701249
0.64485942446
0.644840148867
0.644820874469
0.644801601267
0.644782329259
0.644763058446
0.644743788828
0.644724520404
0.644705253175
0.64335950862
0.643340325906
0.643321144378
0.643301964037
0.643282784882
0.643263606912
0.643244430128
0.64322525453
0.643206080118
0.64318690689
0.643167734848
0.643148563992
0.64312939432
0.643110225833
0.643091058532
0.643071892414
0.643052727482
0.643033563734
0.64301440117
0.642995239791
0.642976079595
0.642956920584
0.642937762757
0.642918606113
0.642899450654
0.642880296377
0.642861143285
0.642841991375
0.642822840649
0.642803691106
0.641447090506
0.641428025848
0.641408962365
0.641389900056
0.641370838922
0.641351778963
0.641332720178
0.641313662567
0.641294606131
0.641275550868
0.641256496779
0.641237443864
0.641218392123
0.641199341555
0.641180292161
0.64116124394
0.641142196892
0.641123151018
0.641104106316
0.641085062788
0.641066020432
0.641046979248
0.641027939238
0.641008900399
0.640989862734
0.64097082624
0.640951790918
0.640932756769
0.640913723791
0.640894691985
0.640875661351
0.639546421785
0.63952747405
0.639508527479
0.639489582072
0.639470637828
0.639451694747
0.639432752829
0.639413812074
0.639394872482
0.639375934053
0.639356996786
0.639338060682
0.639319125741
0.639300191961
0.639281259344
0.63926232789
0.639243397597
0.639224468466
0.639205540497
0.639186613689
0.639167688043
0.639148763559
0.639129840236
0.639110918074
0.639091997073
0.639073077233
0.639054158554
0.639035241036
0.639016324679
0.638997409482
0.637657389977
0.637638558049
0.637619727273
0.637600897649
0.637582069178
0.637563241859
0.637544415692
0.637525590677
0.637506766813
0.637487944101
0.637469122541
0.637450302133
0.637431482875
0.637412664769
0.637393847814
0.637375032011
0.637356217358
0.637337403856
0.637318591504
0.637299780303
0.637280970253
0.637262161353
0.637243353604
0.637224547004
0.637205741555
0.637186937255
0.637168134105
0.637149332106
0.637130531255
0.637111731554
0.637092933003
0.635779884103
0.635761166878
0.635742450795
0.635723735854
0.635705022053
0.635686309394
0.635667597876
0.635648887499
0.635630178263
0.635611470168
0.635592763213
0.635574057399
0.635555352725
0.635536649192
0.635517946798
0.635499245545
0.635480545432
0.635461846459
0.635443148625
0.635424451932
0.635405756378
0.635387061963
0.635368368687
0.635349676551
0.635330985554
0.635312295696
0.635293606977
0.635274919397
0.635256232955
0.635237547652
