0.47816000716
0.47803708518
0.477914467733
0.47779215339
0.477670140732
0.477548428348
0.477427014834
0.477305898798
0.477185078856
0.47706455363
0.476944321754
0.47682438187
0.476704732626
0.476585372681
0.476466300702
0.476347515364
0.476229015349
0.476110799349
0.475992866063
0.475875214199
0.475757842472
0.475640749606
0.475523934331
0.475407395387
0.47529113152
0.475175141485
0.475059424044
0.474943977967
0.47482880203
0.474713895018
0.474599255723
0.467174962006
0.467076645377
0.466978525786
0.466880602438
0.466782874548
0.46668534133
0.466588002006
0.4664908558
0.466393901942
0.466297139664
0.466200568205
0.466104186806
0.466007994712
0.465911991173
0.465816175443
0.46572054678
0.465625104445
0.465529847705
0.465434775828
0.465339888089
0.465245183765
0.465150662137
0.46505632249
0.464962164114
0.464868186301
0.464774388347
0.464680769554
0.464587329224
0.464494066665
0.46440098119
0.458205526651
0.458123591874
0.458041792356
0.457960127623
0.457878597202
0.457797200626
0.457715937426
0.457634807137
0.457553809296
0.457472943444
0.457392209121
0.457311605871
0.457231133241
0.457150790778
0.457070578033
0.456990494557
0.456910539906
0.456830713637
0.456751015307
0.456671444478
0.456592000712
0.456512683574
0.456433492632
0.456354427455
0.456275487613
0.456196672679
0.456117982228
0.456039415838
0.455960973087
0.455882653557
0.455804456829
0.450612929511
0.450542495113
0.450472157958
0.450401917746
0.450331774177
0.450261726953
0.450191775777
0.450121920352
0.450052160385
0.449982495582
0.449912925651
0.449843450301
0.449774069243
0.449704782189
0.44963558885
0.449566488942
0.44949748218
0.44942856828
0.44935974696
0.449291017939
0.449222380937
0.449153835676
0.449085381877
0.449017019264
0.448948747562
0.448880566497
0.448812475796
0.448744475188
0.448676564401
0.448608743166
0.444006769632
0.443944754357
0.443882811647
0.443820941303
0.443759143125
0.443697416915
0.443635762474
0.443574179606
0.443512668114
0.443451227802
0.443389858476
0.443328559941
0.443267332005
0.443206174474
0.443145087157
0.443084069862
0.443023122399
0.442962244578
0.44290143621
0.442840697108
0.442780027083
0.442719425948
0.442658893518
0.442598429607
0.44253803403
0.442477706604
0.442417447144
0.442357255469
0.442297131396
0.442237074744
0.442177085332
0.438134842854
0.438079204939
0.438023622867
0.437968096497
0.437912625693
0.437857210316
0.437801850231
0.437746545299
0.437691295386
0.437636100356
0.437580960074
0.437525874405
0.437470843215
0.43741586637
0.437360943738
0.437306075185
0.437251260579
0.437196499788
0.437141792682
0.437087139128
0.437032538997
0.436977992159
0.436923498485
0.436869057844
0.436814670108
0.43676033515
0.436706052841
0.436651823055
0.436597645663
0.436543520541
