2.69799912014
2.6978434968
2.69768789511
2.69753231507
2.69737675667
2.69722121992
2.69706570479
2.6969102113
2.69675473943
2.69659928918
2.69644386054
2.69628845351
2.69613306809
2.69597770426
2.69582236202
2.69566704137
2.69551174231
2.69535646482
2.6952012089
2.69504597455
2.69489076176
2.69473557052
2.69458040084
2.6944252527
2.69427012611
2.69411502105
2.69395993752
2.69380487551
2.69364983502
2.69349481605
2.69333981859
2.68254314069
2.68238965729
2.68223619503
2.6820827539
2.68192933391
2.68177593504
2.6816225573
2.68146920067
2.68131586515
2.68116255074
2.68100925743
2.68085598522
2.6807027341
2.68054950406
2.68039629511
2.68024310723
2.68008994042
2.67993679468
2.67978367
2.67963056638
2.67947748381
2.67932442228
2.6791713818
2.67901836235
2.67886536393
2.67871238654
2.67855943017
2.67840649481
2.67825358047
2.67810068713
2.66729864273
2.66714724881
2.66699587553
2.66684452289
2.66669319088
2.66654187951
2.66639058877
2.66623931864
2.66608806914
2.66593684024
2.66578563195
2.66563444427
2.66548327718
2.66533213068
2.66518100477
2.66502989944
2.66487881469
2.66472775052
2.66457670691
2.66442568386
2.66427468138
2.66412369944
2.66397273806
2.66382179722
2.66367087692
2.66351997715
2.66336909791
2.6632182392
2.66306740101
2.66291658333
2.66276578616
2.65226066578
2.65211131259
2.65196197957
2.65181266671
2.65166337401
2.65151410146
2.65136484906
2.6512156168
2.65106640468
2.6509172127
2.65076804084
2.65061888911
2.6504697575
2.650320646
2.65017155461
2.65002248333
2.64987343216
2.64972440107
2.64957539008
2.64942639918
2.64927742836
2.64912847761
2.64897954694
2.64883063634
2.6486817458
2.64853287532
2.6483840249
2.64823519452
2.64808638419
2.6479375939
2.63742441812
2.63727705857
2.63712971873
2.6369823986
2.63683509815
2.6366878174
2.63654055633
2.63639331494
2.63624609324
2.6360988912
2.63595170883
2.63580454612
2.63565740307
2.63551027968
2.63536317594
2.63521609184
2.63506902738
2.63492198256
2.63477495736
2.6346279518
2.63448096586
2.63433399953
2.63418705282
2.63404012572
2.63389321822
2.63374633033
2.63359946202
2.63345261331
2.63330578419
2.63315897464
2.63301218468
2.62278526926
2.62263985785
2.62249446569
2.62234909279
2.62220373914
2.62205840473
2.62191308955
2.62176779362
2.62162251691
2.62147725943
2.62133202117
2.62118680213
2.6210416023
2.62089642168
2.62075126026
2.62060611804
2.62046099502
2.62031589119
2.62017080654
2.62002574108
2.61988069479
2.61973566768
2.61959065973
2.61944567096
2.61930070134
2.61915575087
2.61901081956
2.6188659074
2.61872101438
2.61857614049
