0.0460447372666
0.0460419847075
0.04603923258
0.0460364808838
0.0460337296189
0.0460309787852
0.0460282283825
0.0460254784108
0.04602272887
0.0460199797598
0.0460172310803
0.0460144828312
0.0460117350125
0.0460089876242
0.0460062406659
0.0460034941377
0.0460007480395
0.0459980023711
0.0459952571323
0.0459925123232
0.0459897679436
0.0459870239933
0.0459842804723
0.0459815373805
0.0459787947177
0.0459760524838
0.0459733106787
0.0459705693023
0.0459678283545
0.0459650878352
0.0459623477443
0.0457715992461
0.045768889286
0.0457661797463
0.0457634706269
0.0457607619277
0.0457580536486
0.0457553457895
0.0457526383503
0.0457499313309
0.0457472247311
0.0457445185509
0.0457418127901
0.0457391074487
0.0457364025265
0.0457336980234
0.0457309939393
0.0457282902741
0.0457255870277
0.0457228842
0.0457201817909
0.0457174798003
0.045714778228
0.045712077074
0.0457093763381
0.0457066760203
0.0457039761203
0.0457012766383
0.0456985775739
0.0456958789271
0.0456931806979
0.045502666885
0.0454999984348
0.0454973303943
0.0454946627635
0.0454919955421
0.0454893287302
0.0454866623276
0.0454839963341
0.0454813307498
0.0454786655745
0.0454760008081
0.0454733364504
0.0454706725015
0.0454680089611
0.0454653458292
0.0454626831057
0.0454600207904
0.0454573588833
0.0454546973842
0.0454520362931
0.0454493756099
0.0454467153344
0.0454440554665
0.0454413960061
0.0454387369532
0.0454360783076
0.0454334200693
0.045430762238
0.0454281048138
0.0454254477964
0.0454227911859
0.045237833197
0.0452352052061
0.0452325776146
0.0452299504224
0.0452273236294
0.0452246972356
0.0452220712407
0.0452194456448
0.0452168204476
0.0452141956492
0.0452115712494
0.045208947248
0.0452063236451
0.0452037004405
0.0452010776341
0.0451984552257
0.0451958332154
0.045193211603
0.0451905903883
0.0451879695714
0.045185349152
0.0451827291302
0.0451801095057
0.0451774902786
0.0451748714486
0.0451722530157
0.0451696349798
0.0451670173408
0.0451644000986
0.0451617832531
0.0449769949567
0.0449744064113
0.0449718182553
0.0449692304887
0.0449666431114
0.0449640561232
0.044961469524
0.0449588833139
0.0449562974926
0.0449537120601
0.0449511270162
0.044948542361
0.0449459580942
0.0449433742158
0.0449407907256
0.0449382076237
0.0449356249098
0.044933042584
0.044930460646
0.0449278790958
0.0449252979334
0.0449227171585
0.0449201367711
0.0449175567712
0.0449149771585
0.0449123979331
0.0449098190948
0.0449072406435
0.0449046625791
0.0449020849016
0.0448995076108
0.0447200525327
0.0447175024541
0.0447149527553
0.0447124034362
0.0447098544968
0.0447073059369
0.0447047577565
0.0447022099555
0.0446996625338
0.0446971154912
0.0446945688277
0.0446920225432
0.0446894766376
0.0446869311108
0.0446843859628
0.0446818411933
0.0446792968023
0.0446767527898
0.0446742091556
0.0446716658997
0.0446691230219
0.0446665805221
0.0446640384003
0.0446614966564
0.0446589552902
0.0446564143017
0.0446538736908
0.0446513334574
0.0446487936014
0.0446462541227
