1.11746442126
1.11741767131
1.11737092552
1.11732418391
1.11727744646
1.11723071317
1.11718398406
1.11713725911
1.11709053832
1.1170438217
1.11699710924
1.11695040094
1.11690369681
1.11685699684
1.11681030103
1.11676360938
1.11671692189
1.11667023856
1.11662355939
1.11657688437
1.11653021352
1.11648354682
1.11643688428
1.1163902259
1.11634357167
1.11629692159
1.11625027567
1.11620363391
1.11615699629
1.11611036283
1.11606373352
1.11280996435
1.11276362832
1.11271729641
1.11267096861
1.11262464491
1.11257832533
1.11253200985
1.11248569848
1.11243939121
1.11239308805
1.11234678899
1.11230049404
1.1122542032
1.11220791646
1.11216163382
1.11211535528
1.11206908084
1.11202281051
1.11197654427
1.11193028214
1.1118840241
1.11183777017
1.11179152033
1.11174527459
1.11169903294
1.1116527954
1.11160656195
1.11156033259
1.11151410733
1.11146788616
1.10819661233
1.10815068443
1.10810476059
1.1080588408
1.10801292506
1.10796701338
1.10792110574
1.10787520215
1.10782930261
1.10778340712
1.10773751568
1.10769162828
1.10764574493
1.10759986563
1.10755399037
1.10750811916
1.10746225199
1.10741638886
1.10737052978
1.10732467475
1.10727882375
1.10723297679
1.10718713388
1.10714129501
1.10709546017
1.10704962938
1.10700380263
1.10695797991
1.10691216123
1.10686634659
1.10682053598
1.10362379065
1.10357826519
1.10353274374
1.10348722627
1.10344171281
1.10339620333
1.10335069785
1.10330519637
1.10325969888
1.10321420538
1.10316871587
1.10312323035
1.10307774882
1.10303227128
1.10298679773
1.10294132818
1.1028958626
1.10285040102
1.10280494342
1.10275948981
1.10271404019
1.10266859455
1.1026231529
1.10257771523
1.10253228155
1.10248685184
1.10244142612
1.10239600439
1.10235058663
1.10230517286
1.09909093608
1.09904580749
1.09900068284
1.09895556213
1.09891044536
1.09886533253
1.09882022364
1.09877511869
1.09873001768
1.0986849206
1.09863982746
1.09859473825
1.09854965298
1.09850457165
1.09845949425
1.09841442078
1.09836935125
1.09832428564
1.09827922398
1.09823416624
1.09818911243
1.09814406256
1.09809901661
1.09805397459
1.09800893651
1.09796390235
1.09791887212
1.09787384581
1.09782882343
1.09778380498
1.09773879046
1.09459749643
1.09455275924
1.09450802593
1.09446329651
1.09441857098
1.09437384933
1.09432913157
1.09428441769
1.09423970769
1.09419500158
1.09415029935
1.094105601
1.09406090653
1.09401621594
1.09397152924
1.09392684641
1.09388216746
1.09383749239
1.0937928212
1.09374815389
1.09370349046
1.0936588309
1.09361417521
1.09356952341
1.09352487547
1.09348023141
1.09343559123
1.09339095492
1.09334632248
1.09330169391
