0.0204132623339
0.0204126671967
0.0204120721066
0.0204114770636
0.0204108820678
0.0204102871191
0.0204096922175
0.020409097363
0.0204085025557
0.0204079077954
0.0204073130822
0.0204067184161
0.0204061237971
0.0204055292252
0.0204049347003
0.0204043402225
0.0204037457917
0.020403151408
0.0204025570712
0.0204019627816
0.0204013685389
0.0204007743433
0.0204001801946
0.020399586093
0.0203989920383
0.0203983980306
0.0203978040699
0.0203972101562
0.0203966162894
0.0203960224696
0.0203954286967
0.0203539808255
0.0203533903674
0.0203527999557
0.0203522095904
0.0203516192715
0.0203510289991
0.020350438773
0.0203498485933
0.0203492584601
0.0203486683732
0.0203480783326
0.0203474883385
0.0203468983907
0.0203463084892
0.0203457186341
0.0203451288253
0.0203445390629
0.0203439493468
0.020343359677
0.0203427700535
0.0203421804763
0.0203415909454
0.0203410014608
0.0203404120224
0.0203398226304
0.0203392332846
0.0203386439851
0.0203380547318
0.0203368763639
0.0202951636938
0.0202945778437
0.0202939920393
0.0202934062806
0.0202928205677
0.0202922349004
0.0202916492789
0.020291063703
0.0202904781729
0.0202898926884
0.0202893072495
0.0202887218564
0.0202881365089
0.020287551207
0.0202869659508
0.0202863807403
0.0202857955753
0.020285210456
0.0202840403543
0.0202834553718
0.0202828704349
0.0202822855436
0.0202817006979
0.0202811158977
0.0202805311432
0.0202799464342
0.0202793617707
0.0202787771528
0.0202781925804
0.0202776080536
0.0202368039196
0.0202362226082
0.0202356413419
0.0202350601206
0.0202344789444
0.0202338978131
0.0202333167269
0.0202327356857
0.0202321546895
0.0202315737383
0.020230992832
0.0202304119708
0.0202298311545
0.0202292503833
0.0202286696569
0.0202280889755
0.0202275083391
0.0202269277476
0.0202263472011
0.0202257666995
0.0202251862428
0.020224605831
0.0202240254641
0.0202234451422
0.0202228648651
0.0202222846329
0.0202217044456
0.0202211243032
0.0202205442056
0.0202199641529
0.0201788946644
0.0201783178243
0.0201777410285
0.0201771642772
0.0201765875701
0.0201760109075
0.0201754342892
0.0201748577152
0.0201742811856
0.0201737047003
0.0201731282594
0.0201725518627
0.0201719755104
0.0201713992024
0.0201708229386
0.0201702467192
0.020169670544
0.0201690944132
0.0201685183266
0.0201679422842
0.0201673662862
0.0201667903323
0.0201662144228
0.0201656385574
0.0201644869595
0.0201639112268
0.0201633355384
0.0201627598941
0.0201621842941
0.0201214292636
0.0201208568289
0.020120284438
0.0201197120908
0.0201191397873
0.0201185675275
0.0201179953114
0.020117423139
0.0201168510103
0.0201162789253
0.0201157068839
0.0201151348863
0.0201145629323
0.0201139910219
0.0201134191552
0.0201128473322
0.0201122755527
0.020111703817
0.0201111321248
0.0201105604763
0.0201099888713
0.02010941731
0.0201088457923
0.0201082743182
0.0201077028876
0.0201071315007
0.0201065601573
0.0201059888575
0.0201054176012
0.0201048463885
