0.991678575195
0.990731195242
0.989786389881
0.988844148561
0.98790446079
0.986967316134
0.986032704214
0.985100614709
0.984171037354
0.983243961938
0.982319378307
0.98139727636
0.980477646053
0.979560477395
0.978645760447
0.977733485327
0.976823642203
0.975916221298
0.975011212884
0.97410860729
0.973208394892
0.97231056612
0.971415111453
0.970522021424
0.969631286612
0.96874289765
0.967856845217
0.966973120044
0.966091712909
0.965212614642
0.964335816116
0.908178541642
0.907444380996
0.906711972138
0.905981308754
0.905252384559
0.904525193299
0.903799728749
0.903075984715
0.902353955033
0.901633633566
0.900915014208
0.900198090882
0.89948285754
0.898769308161
0.898057436756
0.897347237362
0.896638704043
0.895931830895
0.895226612037
0.894523041621
0.893821113821
0.893120822844
0.89242216292
0.891725128307
0.891029713292
0.890335912186
0.889643719329
0.888953129086
0.888264135848
0.887576734033
0.842519346203
0.841933383411
0.841348666039
0.84076519008
0.840182951544
0.839601946459
0.839022170868
0.838443620831
0.837866292427
0.837290181751
0.836715284912
0.836141598039
0.835569117275
0.834997838782
0.834427758735
0.833858873328
0.83329117877
0.832724671285
0.832159347116
0.831595202517
0.831032233764
0.830470437142
0.829909808957
0.829350345529
0.828792043191
0.828234898294
0.827678907204
0.827124066302
0.826570371983
0.826017820658
0.825466408753
0.789500998415
0.789022198579
0.788544315624
0.788067346886
0.787591289711
0.787116141455
0.786641899487
0.786168561181
0.785696123927
0.78522458512
0.784753942168
0.784284192488
0.783815333507
0.783347362663
0.782880277402
0.78241407518
0.781948753464
0.78148430973
0.781020741464
0.780558046161
0.780096221325
0.779635264471
0.779175173122
0.778715944813
0.778257577085
0.77780006749
0.777343413589
0.776887612953
0.776432663162
0.775978561803
0.745765818779
0.745367012384
0.744968900471
0.744571481199
0.744174752735
0.743778713255
0.743383360937
0.742988693968
0.742594710541
0.742201408856
0.741808787118
0.741416843539
0.741025576336
0.740634983735
0.740245063966
0.739855815266
0.739467235878
0.739079324051
0.73869207804
0.738305496106
0.737919576516
0.737534317545
0.737149717471
0.73676577458
0.736382487163
0.735999853517
0.735617871945
0.735236540757
0.734855858267
0.734475822795
0.734096432668
0.709048923034
0.708711408433
0.708374432428
0.70803799371
0.707702090972
0.707366722912
0.707031888232
0.706697585639
0.706363813844
0.706030571562
0.705697857511
0.705365670414
0.705034008999
0.704702871998
0.704372258145
0.70404216618
0.703712594846
0.703383542892
0.703055009068
0.702726992131
0.70239949084
0.702072503958
0.701746030253
0.701420068497
0.701094617464
0.700769675934
0.700445242691
0.70012131652
0.699797896214
0.699474980566
