4.14053001216
4.14024323943
4.13995650043
4.13966979515
4.13938312357
4.13909648568
4.13880988148
4.13852331095
4.13823677407
4.13795027084
4.13766380123
4.13737736525
4.13709096287
4.13680459408
4.13651825888
4.13623195725
4.13594568917
4.13565945463
4.13537325363
4.13508708614
4.13480095216
4.13451485168
4.13422878468
4.13394275114
4.13365675106
4.13337078443
4.13308485123
4.13279895145
4.13251308507
4.13222725209
4.13194145249
4.11201769765
4.11173423661
4.11145080808
4.11116741203
4.11088404845
4.11060071733
4.11031741865
4.11003415241
4.10975091859
4.10946771719
4.10918454818
4.10890141155
4.1086183073
4.10833523541
4.10805219587
4.10776918867
4.10748621379
4.10720327123
4.10692036096
4.10663748299
4.10635463729
4.10607182385
4.10578904267
4.10550629372
4.10522357701
4.1049408925
4.10465824021
4.1043756201
4.10409303217
4.10381047641
4.08383048408
4.08355021261
4.08326997243
4.08298976352
4.08270958588
4.08242943949
4.08214932434
4.08186924042
4.08158918771
4.08130916621
4.0810291759
4.08074921678
4.08046928882
4.08018939201
4.07990952636
4.07962969183
4.07934988843
4.07907011614
4.07879037494
4.07851066483
4.07823098579
4.07795133781
4.07767172089
4.077392135
4.07711258014
4.07683305629
4.07655356344
4.07627410158
4.07599467071
4.07571527079
4.07543590184
4.05595629157
4.0556790902
4.05540191893
4.05512477775
4.05484766666
4.05457058564
4.05429353468
4.05401651376
4.05373952288
4.05346256203
4.05318563119
4.05290873035
4.0526318595
4.05235501862
4.05207820772
4.05180142676
4.05152467575
4.05124795468
4.05097126352
4.05069460226
4.05041797091
4.05014136943
4.04986479783
4.0495882561
4.04931174421
4.04903526216
4.04875880993
4.04848238752
4.04820599491
4.0479296321
4.02838329737
4.02810904909
4.02783482975
4.02756063936
4.02728647788
4.02701234533
4.02673824167
4.0264641669
4.02619012102
4.025916104
4.02564211584
4.02536815652
4.02509422603
4.02482032437
4.02454645152
4.02427260747
4.0239987922
4.02372500571
4.02345124799
4.02317751901
4.02290381878
4.02263014728
4.0223565045
4.02208289043
4.02180930505
4.02153574836
4.02126222034
4.02098872098
4.02071525028
4.02044180821
4.02016839477
4.00109991497
4.00082850504
4.00055712292
4.00028576861
4.00001444208
3.99974314333
3.99947187235
3.99920062912
3.99892941363
3.99865822588
3.99838706585
3.99811593352
3.9978448289
3.99757375196
3.99730270271
3.99703168111
3.99676068717
3.99648972087
3.9962187822
3.99594787116
3.99567698772
3.99540613188
3.99513530362
3.99486450294
3.99459372982
3.99432298426
3.99405226624
3.99378157575
3.99351091277
3.99324027731
