0.877330688488
0.877315374803
0.877300061725
0.877284749253
0.877269437388
0.877254126129
0.877238815476
0.87722350543
0.87720819599
0.877192887156
0.877177578929
0.877162271307
0.877146964292
0.877131657882
0.877116352079
0.877101046881
0.87708574229
0.877070438304
0.877055134924
0.87703983215
0.877024529981
0.877009228419
0.876993927462
0.87697862711
0.876963327364
0.876948028224
0.876932729689
0.87691743176
0.876902134436
0.876886837717
0.876871541604
0.87580231541
0.875787062168
0.875771809528
0.875756557491
0.875741306056
0.875726055223
0.875710804992
0.875695555363
0.875680306337
0.875665057912
0.875649810089
0.875634562869
0.87561931625
0.875604070233
0.875588824818
0.875573580005
0.875558335793
0.875543092183
0.875527849175
0.875512606768
0.875497364963
0.87548212376
0.875466883158
0.875451643157
0.875436403758
0.875421164961
0.875405926764
0.875390689169
0.875375452175
0.875360215782
0.874279966008
0.874264772794
0.874249580178
0.874234388159
0.874219196739
0.874204005917
0.874188815693
0.874173626067
0.874158437039
0.874143248609
0.874128060777
0.874112873542
0.874097686906
0.874082500867
0.874067315426
0.874052130582
0.874036946336
0.874021762688
0.874006579637
0.873991397184
0.873976215328
0.873961034069
0.873945853408
0.873930673345
0.873915493878
0.873900315009
0.873885136737
0.873869959062
0.873854781984
0.873839605504
0.87382442962
0.872763598992
0.872748465394
0.872733332391
0.872718199981
0.872703068166
0.872687936944
0.872672806316
0.872657676283
0.872642546843
0.872627417997
0.872612289745
0.872597162086
0.872582035022
0.87256690855
0.872551782673
0.872536657389
0.872521532699
0.872506408602
0.872491285098
0.872476162188
0.872461039872
0.872445918149
0.872430797019
0.872415676482
0.872400556538
0.872385437188
0.872370318431
0.872355200267
0.872340082696
0.872324965718
0.871253173503
0.871238099115
0.871223025318
0.871207952111
0.871192879494
0.871177807466
0.871162736029
0.871147665181
0.871132594924
0.871117525256
0.871102456177
0.871087387689
0.87107231979
0.871057252481
0.871042185761
0.871027119631
0.871012054091
0.87099698914
0.870981924778
0.870966861006
0.870951797823
0.870936735229
0.870921673225
0.870906611809
0.870891550983
0.870876490747
0.870861431099
0.87084637204
0.87083131357
0.87081625569
0.870801198398
0.869748649108
0.869733633529
0.869718618536
0.869703604129
0.869688590308
0.869673577072
0.869658564423
0.86964355236
0.869628540882
0.869613529991
0.869598519685
0.869583509964
0.86956850083
0.869553492281
0.869538484317
0.869523476939
0.869508470147
0.86949346394
0.869478458319
0.869463453283
0.869448448832
0.869433444966
0.869418441686
0.869403438991
0.869388436882
0.869373435357
0.869358434418
0.869343434063
0.869328434294
0.869313435109
