0.0975361561056
0.0975343143673
0.0975324727983
0.0975306313984
0.0975287901677
0.0975269491061
0.0975251082136
0.0975232674901
0.0975214269356
0.09751958655
0.0975177463334
0.0975159062856
0.0975140664066
0.0975122266964
0.0975103871549
0.0975085477821
0.097506708578
0.0975048695425
0.0975030306756
0.0975011919772
0.0974993534473
0.0974975150858
0.0974956768928
0.0974938388681
0.0974920010118
0.0974901633237
0.0974883258039
0.0974864884523
0.0974846512689
0.0974828142536
0.0974809774064
0.0973528133753
0.0973509883588
0.0973491635076
0.0973473388214
0.0973455143004
0.0973436899444
0.0973418657535
0.0973400417275
0.0973382178666
0.0973363941705
0.0973345706393
0.0973327472729
0.0973309240713
0.0973291010345
0.0973272781624
0.097325455455
0.0973236329122
0.097321810534
0.0973199883203
0.0973181662712
0.0973163443865
0.0973145226663
0.0973127011105
0.0973108797191
0.0973090584919
0.0973072374291
0.0973054165305
0.0973035957961
0.0973017752258
0.0972999548197
0.0971711230603
0.0971693143688
0.0971675058386
0.0971656974697
0.097163889262
0.0971620812155
0.0971602733302
0.0971584656059
0.0971566580427
0.0971548506405
0.0971530433994
0.0971512363191
0.0971494293998
0.0971476226414
0.0971458160438
0.097144009607
0.097142203331
0.0971403972157
0.097138591261
0.0971367854671
0.0971349798337
0.0971331743609
0.0971313690487
0.0971295638969
0.0971277589056
0.0971259540747
0.0971241494042
0.0971223448941
0.0971205405442
0.0971187363547
0.0971169323253
0.0969910462044
0.0969892534557
0.0969874608644
0.0969856684307
0.0969838761545
0.0969820840356
0.0969802920742
0.0969785002701
0.0969767086234
0.0969749171339
0.0969731258017
0.0969713346267
0.0969695436089
0.0969677527482
0.0969659620447
0.0969641714981
0.0969623811087
0.0969605908762
0.0969588008006
0.096957010882
0.0969552211203
0.0969534315154
0.0969516420673
0.096949852776
0.0969480636414
0.0969462746635
0.0969444858423
0.0969426971777
0.0969409086697
0.0969391203183
0.096812545262
0.0968107680874
0.0968089910667
0.0968072141998
0.0968054374869
0.0968036609277
0.0968018845223
0.0968001082707
0.0967983321728
0.0967965562286
0.096794780438
0.096793004801
0.0967912293176
0.0967894539877
0.0967876788113
0.0967859037884
0.0967841289189
0.0967823542028
0.0967805796401
0.0967788052306
0.0967770309745
0.0967752568716
0.096773482922
0.0967717091255
0.0967699354822
0.0967681619919
0.0967663886548
0.0967646154707
0.0967628424396
0.0967610695615
0.0967592968363
0.0966355840322
0.0966338220762
0.0966320602707
0.0966302986156
0.0966285371109
0.0966267757565
0.0966250145524
0.0966232534985
0.0966214925949
0.0966197318415
0.0966179712383
0.0966162107851
0.0966144504821
0.0966126903291
0.0966109303262
0.0966091704732
0.0966074107702
0.0966056512171
0.0966038918139
0.0966021325606
0.096600373457
0.0965986145033
0.0965968556993
0.0965950970451
0.0965933385405
0.0965915801855
0.0965898219802
0.0965880639245
0.0965863060183
0.0965845482616
