1.61502671685
1.61486151277
1.61469660023
1.61453197769
1.61436764356
1.61420359631
1.6140398344
1.61387635629
1.61371316049
1.61355024548
1.61338760977
1.61322525189
1.61306317036
1.61290136372
1.61273983052
1.61257856934
1.61241757874
1.6122568573
1.61209640362
1.6119362163
1.61177629396
1.61161663523
1.61145723873
1.61129810311
1.61113922702
1.61098060914
1.61082224813
1.61066414267
1.61050629146
1.61034869321
1.61019134661
1.59973452762
1.59959224989
1.59945015093
1.59930822996
1.59916648619
1.59902491885
1.59888352717
1.59874231037
1.59860126769
1.59846039838
1.59831970168
1.59817917683
1.59803882311
1.59789863976
1.59775862605
1.59761878125
1.59747910464
1.59733959548
1.59720025308
1.5970610767
1.59692206565
1.59678321922
1.59664453671
1.59650601742
1.59636766067
1.59622946576
1.59609143201
1.59595355875
1.5958158453
1.59567829099
1.58628121576
1.5861535892
1.58602608208
1.58589869396
1.58577142442
1.585644273
1.5855172393
1.58539032287
1.58526352329
1.58513684013
1.58501027298
1.58488382141
1.58475748501
1.58463126337
1.58450515606
1.58437916268
1.58425328283
1.58412751608
1.58400186205
1.58387632033
1.58375089051
1.58362557221
1.58350036502
1.58337526856
1.58325028242
1.58312540623
1.58300063959
1.58287598212
1.58275143344
1.58262699316
1.58250266091
1.57404721257
1.57392969154
1.57381225573
1.57369490488
1.57357763874
1.57346045703
1.5733433595
1.57322634589
1.57310941595
1.57299256941
1.57287580603
1.57275912555
1.57264252772
1.57252601228
1.57240957899
1.57229322761
1.57217695787
1.57206076953
1.57194466236
1.5718286361
1.57171269052
1.57159682536
1.5714810404
1.57136533538
1.57124971008
1.57113416425
1.57101869767
1.57090331008
1.57078800127
1.57067277099
1.56267881064
1.56256868569
1.5624586248
1.5623486278
1.56223869454
1.56212882484
1.56201901854
1.56190927547
1.56179959547
1.56168997838
1.56158042402
1.56147093224
1.56136150289
1.56125213578
1.56114283077
1.5610335877
1.5609244064
1.56081528672
1.5607062285
1.56059723159
1.56048829582
1.56037942104
1.5602706071
1.56016185384
1.5600531611
1.55994452874
1.5598359566
1.55972744453
1.55961899238
1.55951059999
1.55940226722
1.55195878938
1.5518543406
1.55174994205
1.55164559364
1.55154129523
1.55143704674
1.55133284803
1.55122869901
1.55112459955
1.55102054956
1.55091654892
1.55081259752
1.55070869526
1.55060484201
1.55050103769
1.55039728217
1.55029357535
1.55018991713
1.5500863074
1.54998274605
1.54987923298
1.54977576807
1.54967235124
1.54956898236
1.54946566134
1.54936238808
1.54925916247
1.5491559844
1.54905285378
1.5489497705
