3.25324095493
3.23053626343
3.20817546342
3.18615079799
3.16445474176
3.14307999232
3.12201946206
3.10126627029
3.08081373576
3.06065536949
3.04078486791
3.02119610626
3.0018831323
2.98284016032
2.96406156529
2.94554187737
2.92727577658
2.90925808769
2.89148377535
2.87394793938
2.85664581029
2.83957274491
2.82272422227
2.80609583959
2.78968330846
2.77348245113
2.75748919697
2.74169957907
2.72610973093
2.71071588334
2.6955143613
1.95972518383
1.95244227531
1.94522208431
1.93806380332
1.93096663862
1.92392981004
1.91695255059
1.91003410625
1.90317373568
1.89637070992
1.88962431218
1.88293383756
1.87629859282
1.86971789611
1.86319107678
1.85671747512
1.85029644215
1.8439273394
1.83760953868
1.83134242192
1.82512538093
1.8189578172
1.81283914173
1.80676877484
1.80074614595
1.79477069347
1.78884186455
1.78295911497
1.77712190893
1.77132971892
1.44969294643
1.44614660742
1.44262158667
1.43911769213
1.43563473406
1.43217252497
1.42873087962
1.42530961495
1.42190855009
1.41852750627
1.41516630687
1.41182477729
1.40850274502
1.40520003952
1.40191649226
1.39865193666
1.39540620806
1.3921791437
1.38897058268
1.38578036597
1.38260833634
1.37945433834
1.37631821832
1.37319982434
1.3700990062
1.36701561536
1.36394950499
1.36090052988
1.35786854645
1.3548534127
1.35185498825
1.1765356922
1.17444249883
1.17235896216
1.17028501529
1.16822059196
1.16616562647
1.16412005377
1.16208380938
1.16005682941
1.15803905056
1.1560304101
1.15403084588
1.1520402963
1.15005870031
1.14808599743
1.14612212772
1.14416703175
1.14222065066
1.1402829261
1.13835380023
1.13643321573
1.1345211158
1.13261744413
1.13072214491
1.12883516282
1.12695644303
1.1250859312
1.12322357344
1.12136931635
1.119523107
1.00617939161
1.00479848117
1.0034227351
1.00205212434
1.00068662004
0.999326193572
0.997970816527
0.996620460698
0.995275098091
0.993934700922
0.992599241608
0.991268692775
0.989943027248
0.988622218054
0.987306238416
0.985995061757
0.98468866169
0.983387012025
0.982090086762
0.98079786009
0.979510306385
0.978227400211
0.976949116315
0.975675429626
0.974406315256
0.973141748495
0.971881704811
0.970626159848
0.969375089425
0.968128469533
0.966886276337
0.889676195343
0.88869650784
0.887719898345
0.886746352276
0.88577585514
0.884808392539
0.883843950164
0.882882513795
0.881924069301
0.880968602642
0.880016099863
0.879066547097
0.878119930564
0.877176236569
0.876235451502
0.875297561838
0.874362554136
0.873430415036
0.872501131264
0.871574689624
0.870651077004
0.869730280372
0.868812286774
0.867897083338
0.86698465727
0.866074995853
0.865168086448
0.864263916493
0.863362473504
0.86246374507
