1.97256431512
1.97253509296
1.97250587172
1.97247665141
1.97244743202
1.97241821354
1.972388996
1.97235977937
1.97233056367
1.97230134888
1.97227213502
1.97224292209
1.97221371007
1.97218449897
1.9721552888
1.97212607955
1.97209687122
1.97206766381
1.97203845733
1.97200925176
1.97198004712
1.9719508434
1.9719216406
1.97189243872
1.97186323777
1.97183403773
1.97180483861
1.97177564042
1.97174644315
1.9717172468
1.97168805137
1.96964665738
1.96961752723
1.96958839799
1.96955926967
1.96953014228
1.96950101579
1.96947189023
1.96944276559
1.96941364186
1.96938451905
1.96935539715
1.96932627617
1.96929715612
1.96926803697
1.96923891875
1.96920980144
1.96918068505
1.96915156958
1.96912245502
1.96909334138
1.96906422866
1.96903511685
1.96900600596
1.96897689599
1.96894778694
1.9689186788
1.96888957158
1.96886046527
1.96883135988
1.96880225541
1.96673817762
1.96670913901
1.96668010132
1.96665106454
1.96662202868
1.96659299373
1.96656395969
1.96653492656
1.96650589435
1.96647686305
1.96644783266
1.96641880319
1.96638977462
1.96636074698
1.96633172024
1.96630269441
1.9662736695
1.9662446455
1.96621562242
1.96618660024
1.96615757898
1.96612855863
1.96609953919
1.96607052067
1.96604150306
1.96601248636
1.96598347057
1.96595445569
1.96592544173
1.96589642867
1.96586741653
1.96383882999
1.96380988248
1.96378093587
1.96375199018
1.96372304539
1.96369410151
1.96366515854
1.96363621648
1.96360727532
1.96357833508
1.96354939574
1.96352045731
1.96349151979
1.96346258318
1.96343364747
1.96340471267
1.96337577879
1.9633468458
1.96331791373
1.96328898257
1.96326005231
1.96323112296
1.96320219452
1.96317326698
1.96314434036
1.96311541464
1.96308648983
1.96305756592
1.96302864293
1.96299972084
1.96094856897
1.9609197121
1.96089085613
1.96086200106
1.96083314689
1.96080429363
1.96077544128
1.96074658983
1.96071773928
1.96068888963
1.96066004089
1.96063119305
1.96060234612
1.96057350009
1.96054465497
1.96051581074
1.96048696742
1.96045812501
1.96042928349
1.96040044289
1.96037160318
1.96034276438
1.96031392648
1.96028508948
1.96025625339
1.9602274182
1.96019858391
1.96016975053
1.96014091804
1.96011208647
1.96008325579
1.95806734936
1.95803858267
1.95800981688
1.95798105199
1.957952288
1.95792352491
1.95789476272
1.95786600142
1.95783724103
1.95780848154
1.95777972294
1.95775096525
1.95772220845
1.95769345255
1.95766469756
1.95763594346
1.95760719026
1.95757843796
1.95754968656
1.95752093605
1.95749218645
1.95746343774
1.95743468994
1.95740594303
1.95737719702
1.95734845191
1.95731970769
1.95729096438
1.95726222196
1.95723348045
