0.522333465942
0.522286441194
0.522239425486
0.522192418815
0.522145421179
0.522098432574
0.522051452999
0.52200448245
0.521957520925
0.521910568421
0.521863624936
0.521816690467
0.521769765011
0.521722848565
0.521675941128
0.521629042695
0.521582153265
0.521535272835
0.521488401403
0.521441538965
0.521394685519
0.521347841062
0.521301005592
0.521254179106
0.521207361602
0.521160553076
0.521113753526
0.52106696295
0.521020181345
0.520973408707
0.520926645036
0.517675311071
0.51762917727
0.517583052247
0.517536935999
0.517490828525
0.517444729821
0.517398639885
0.517352558715
0.517306486307
0.517260422659
0.517214367769
0.517168321635
0.517122284253
0.51707625562
0.517030235736
0.516984224596
0.516938222199
0.516892228541
0.516846243621
0.516800267436
0.516754299983
0.516708341259
0.516662391262
0.51661644999
0.51657051744
0.51652459361
0.516478678496
0.516432772097
0.516386874409
0.516340985431
0.513104972177
0.51305970366
0.51301444367
0.512969192204
0.51292394926
0.512878714835
0.512833488927
0.512788271533
0.51274306265
0.512697862278
0.512652670412
0.51260748705
0.512562312191
0.512517145831
0.512471987968
0.5124268386
0.512381697724
0.512336565338
0.512291441439
0.512246326025
0.512201219094
0.512156120642
0.512111030667
0.512065949168
0.512020876141
0.511975811585
0.511930755496
0.511885707872
0.511840668712
0.511795638011
0.511750615769
0.508619932212
0.508575504303
0.508531084678
0.508486673336
0.508442270273
0.508397875488
0.508353488979
0.508309110742
0.508264740775
0.508220379077
0.508176025644
0.508131680475
0.508087343566
0.508043014916
0.507998694523
0.507954382383
0.507910078495
0.507865782856
0.507821495464
0.507777216317
0.507732945411
0.507688682745
0.507644428317
0.507600182123
0.507555944163
0.507511714432
0.50746749293
0.507423279653
0.5073790746
0.507334877767
0.504217770269
0.504174159227
0.504130556238
0.504086961298
0.504043374406
0.503999795558
0.503956224754
0.503912661989
0.503869107263
0.503825560573
0.503782021916
0.503738491291
0.503694968695
0.503651454126
0.503607947581
0.503564449058
0.503520958555
0.50347747607
0.503434001601
0.503390535144
0.503347076699
0.503303626262
0.503260183831
0.503216749405
0.50317332298
0.503129904555
0.503086494128
0.503043091695
0.502999697255
0.502956310805
0.502912932344
0.499896157014
0.499853339995
0.499810530804
0.499767729439
0.499724935897
0.499682150176
0.499639372274
0.499596602189
0.499553839919
0.499511085461
0.499468338813
0.499425599973
0.499382868939
0.499340145709
0.49929743028
0.499254722651
0.499212022818
0.49916933078
0.499126646535
0.499083970081
0.499041301415
0.498998640535
0.498955987439
0.498913342124
0.49887070459
0.498828074833
0.498785452851
0.498742838642
0.498700232204
0.498657633534
