0.0650547496919
0.065053432404
0.065052115215
0.0650507981248
0.0650494811334
0.0650481642409
0.0650468474471
0.065045530752
0.0650442141558
0.0650428976583
0.0650415812595
0.0650402649594
0.065038948758
0.0650376326554
0.0650363166514
0.065035000746
0.0650336849394
0.0650323692313
0.0650310536219
0.0650297381111
0.0650284226989
0.0650271073853
0.0650257921702
0.0650244770537
0.0650231620358
0.0650218471164
0.0650205322955
0.0650192175731
0.0650179029492
0.0650165884238
0.0650152739969
0.0649235080068
0.0649222005371
0.0649208931648
0.0649195858901
0.0649182787129
0.0649169716331
0.0649156646509
0.064914357766
0.0649130509786
0.0649117442886
0.0649104376961
0.0649091312009
0.0649078248031
0.0649065185027
0.0649052122996
0.0649039061939
0.0649026001855
0.0649012942745
0.0648999884607
0.0648986827442
0.064897377125
0.0648960716031
0.0648947661784
0.064893460851
0.0648921556208
0.0648908504878
0.064889545452
0.0648882405134
0.064886935672
0.0648856309277
0.0647932416212
0.0647919438384
0.0647906461519
0.0647893485616
0.0647880510674
0.0647867536694
0.0647854563676
0.064784159162
0.0647828620524
0.064781565039
0.0647802681218
0.0647789713006
0.0647776745755
0.0647763779465
0.0647750814135
0.0647737849766
0.0647724886357
0.0647711923909
0.064769896242
0.0647686001892
0.0647673042323
0.0647660083714
0.0647647126065
0.0647634169375
0.0647621213645
0.0647608258873
0.0647595305061
0.0647582352208
0.0647569400313
0.0647556449378
0.06475434994
0.064663937542
0.0646626493175
0.0646613611879
0.0646600731533
0.0646587852136
0.0646574973688
0.0646562096189
0.0646549219639
0.0646536344037
0.0646523469384
0.0646510595679
0.0646497722923
0.0646484851115
0.0646471980254
0.0646459110342
0.0646446241377
0.064643337336
0.0646420506291
0.0646407640169
0.0646394774994
0.0646381910767
0.0646369047486
0.0646356185152
0.0646343323765
0.0646330463325
0.0646317603831
0.0646304745284
0.0646291887683
0.0646279031028
0.0646266175319
0.0645355830192
0.0645343042267
0.0645330255279
0.0645317469227
0.0645304684113
0.0645291899935
0.0645279116693
0.0645266334387
0.0645253553018
0.0645240772585
0.0645227993088
0.0645215214526
0.06452024369
0.064518966021
0.0645176884455
0.0645164109635
0.0645151335751
0.0645138562801
0.0645125790787
0.0645113019707
0.0645100249562
0.0645087480352
0.0645074712076
0.0645061944734
0.0645049178326
0.0645036412853
0.0645023648313
0.0645010884707
0.0644998122035
0.0644985360297
0.0644972599492
0.0644081655406
0.0644068960562
0.0644056266642
0.0644043573646
0.0644030881575
0.0644018190428
0.0644005500206
0.0643992810907
0.0643980122532
0.0643967435081
0.0643954748554
0.064394206295
0.064392937827
0.0643916694513
0.0643904011679
0.0643891329768
0.064387864878
0.0643865968715
0.0643853289572
0.0643840611353
0.0643827934055
0.064381525768
0.0643802582227
0.0643789907696
0.0643777234087
0.06437645614
0.0643751889635
0.0643739218791
0.0643726548868
0.0643713879867
