7.51819747917
7.51755846053
7.51691955699
7.51628076853
7.51564209512
7.51500353671
7.51436509329
7.51372676481
7.51308855125
7.51245045257
7.51181246874
7.51117459973
7.51053684551
7.50989920604
7.50926168129
7.50862427124
7.50798697585
7.50734979508
7.5067127289
7.50607577729
7.50543894021
7.50480221763
7.50416560952
7.50352911584
7.50289273656
7.50225647166
7.50162032109
7.50098428483
7.50034836285
7.49971255511
7.49907686158
7.45486024393
7.45423257876
7.45360502554
7.45297758423
7.45235025481
7.45172303725
7.45109593152
7.45046893758
7.4498420554
7.44921528496
7.44858862622
7.44796207915
7.44733564372
7.4467093199
7.44608310766
7.44545700696
7.44483101779
7.4442051401
7.44357937386
7.44295371905
7.44232817563
7.44170274357
7.44107742285
7.44045221343
7.43982711527
7.43920212836
7.43857725266
7.43795248814
7.43732783476
7.4367032925
7.39264291155
7.39202628981
7.39140977697
7.39079337301
7.3901770779
7.38956089161
7.38894481411
7.38832884536
7.38771298534
7.38709723403
7.38648159138
7.38586605737
7.38525063197
7.38463531515
7.38402010688
7.38340500713
7.38279001587
7.38217513307
7.3815603587
7.38094569274
7.38033113514
7.37971668589
7.37910234495
7.3784881123
7.3778739879
7.37725997172
7.37664606374
7.37603226392
7.37541857223
7.37480498865
7.37419151315
7.3315150462
7.33090916924
7.33030339825
7.32969773321
7.32909217409
7.32848672086
7.3278813735
7.32727613196
7.32667099623
7.32606596628
7.32546104207
7.32485622358
7.32425151078
7.32364690364
7.32304240214
7.32243800624
7.32183371591
7.32122953113
7.32062545186
7.32002147809
7.31941760978
7.3188138469
7.31821018942
7.31760663732
7.31700319056
7.31639984912
7.31579661298
7.31519348209
7.31459045643
7.31398753598
7.27144732525
7.27085190528
7.27025658847
7.26966137478
7.26906626419
7.26847125667
7.26787635219
7.26728155072
7.26668685224
7.26609225672
7.26549776413
7.26490337444
7.26430908762
7.26371490366
7.26312082251
7.26252684416
7.26193296857
7.26133919572
7.26074552558
7.26015195812
7.25955849332
7.25896513114
7.25837187157
7.25777871456
7.2571856601
7.25659270816
7.25599985871
7.25540711171
7.25481446716
7.25422192501
7.25362948524
7.21241148828
7.21182624791
7.21124110797
7.21065606843
7.21007112927
7.20948629046
7.20890155197
7.20831691377
7.20773237584
7.20714793816
7.20656360069
7.2059793634
7.20539522628
7.2048111893
7.20422725243
7.20364341563
7.20305967889
7.20247604219
7.20189250548
7.20130906875
7.20072573197
7.20014249511
7.19955935815
7.19897632105
7.1983933838
7.19781054637
7.19722780872
7.19664517084
7.1960626327
7.19548019427
