0.345813532225
0.345806744899
0.345799958247
0.345793172268
0.345786386964
0.345779602333
0.345772818375
0.345766035091
0.34575925248
0.345752470542
0.345745689276
0.345738908684
0.345732128764
0.345725349516
0.34571857094
0.345711793036
0.345705015804
0.345698239244
0.345691463355
0.345684688138
0.345677913592
0.345671139716
0.345664366512
0.345657593978
0.345650822115
0.345644050922
0.345637280399
0.345630510547
0.345623741364
0.345616972851
0.345610205008
0.345138110232
0.345131389517
0.34512466946
0.345117950062
0.345111231321
0.345104513237
0.345097795811
0.345091079043
0.345084362931
0.345077647477
0.345070932679
0.345064218538
0.345057505053
0.345050792225
0.345044080053
0.345037368537
0.345030657677
0.345023947472
0.345017237923
0.34501052903
0.345003820792
0.344997113208
0.34499040628
0.344983700007
0.344976994388
0.344970289423
0.344963585113
0.344956881457
0.344950178455
0.344943476107
0.344469270965
0.344462615287
0.344455960251
0.344449305858
0.344442652108
0.344435998999
0.344429346533
0.344422694708
0.344416043525
0.344409392984
0.344402743084
0.344396093825
0.344389445207
0.34438279723
0.344376149894
0.344369503199
0.344362857144
0.34435621173
0.344349566955
0.344342922821
0.344336279326
0.344329636472
0.344322994257
0.344316352681
0.344309711745
0.344303071447
0.344296431789
0.34428979277
0.344283154389
0.344276516646
0.344269879543
0.343806859723
0.343800267563
0.34379367603
0.343787085125
0.343780494848
0.343773905197
0.343767316174
0.343760727778
0.343754140008
0.343747552866
0.343740966349
0.34373438046
0.343727795196
0.343721210558
0.343714626547
0.343708043161
0.343701460401
0.343694878266
0.343688296757
0.343681715872
0.343675135613
0.343668555979
0.34366197697
0.343655398585
0.343648820825
0.343642243689
0.343635667177
0.343629091289
0.343622516026
0.343615941385
0.343150727295
0.343144197187
0.343137667693
0.343131138812
0.343124610544
0.343118082888
0.343111555846
0.343105029416
0.343098503598
0.343091978393
0.3430854538
0.343078929819
0.34307240645
0.343065883692
0.343059361547
0.343052840012
0.343046319089
0.343039798778
0.343033279077
0.343026759987
0.343020241508
0.34301372364
0.343007206382
0.343000689734
0.342994173697
0.342987658269
0.342981143452
0.342974629244
0.342968115646
0.342961602658
0.342955090279
0.342500729709
0.34249426024
0.34248779137
0.3424813231
0.342474855428
0.342468388356
0.342461921883
0.342455456008
0.342448990732
0.342442526054
0.342436061975
0.342429598493
0.34242313561
0.342416673325
0.342410211637
0.342403750548
0.342397290055
0.34239083016
0.342384370863
0.342377912162
0.342371454058
0.342364996552
0.342358539641
0.342352083328
0.342345627611
0.34233917249
0.342332717965
0.342326264036
0.342319810703
0.342313357966
