1.1701002519
1.17004493231
1.16998962015
1.16993431544
1.16987901816
1.16982372833
1.16976844593
1.16971317096
1.16965790342
1.16960264332
1.16954739064
1.16949214539
1.16943690756
1.16938167715
1.16932645417
1.1692712386
1.16921603045
1.16916082972
1.1691056364
1.16905045049
1.16899527199
1.1689401009
1.16888493721
1.16882978093
1.16877463205
1.16871949057
1.16866435649
1.1686092298
1.16855411051
1.16849899861
1.16844389411
1.16460483557
1.16455025113
1.16449567396
1.16444110404
1.16438654138
1.16433198598
1.16427743782
1.16422289692
1.16416836326
1.16411383686
1.16405931769
1.16400480577
1.1639503011
1.16389580366
1.16384131346
1.16378683049
1.16373235477
1.16367788627
1.163623425
1.16356897097
1.16351452416
1.16346008457
1.16340565221
1.16335122708
1.16329680916
1.16324239846
1.16318799497
1.16313359871
1.16307920965
1.16302482781
1.15918203853
1.15912817125
1.15907431105
1.15902045793
1.15896661189
1.15891277293
1.15885894105
1.15880511623
1.15875129849
1.15869748783
1.15864368423
1.15858988769
1.15853609822
1.15848231582
1.15842854048
1.1583747722
1.15832101097
1.15826725681
1.1582135097
1.15815976964
1.15810603663
1.15805231068
1.15799859177
1.1579448799
1.15789117509
1.15783747731
1.15778378658
1.15773010289
1.15767642623
1.15762275661
1.15756909403
1.15383009158
1.15377692408
1.15372376349
1.15367060981
1.15361746304
1.15356432318
1.15351119022
1.15345806417
1.15340494501
1.15335183276
1.15329872741
1.15324562895
1.15319253739
1.15313945273
1.15308637495
1.15303330407
1.15298024007
1.15292718297
1.15287413274
1.15282108941
1.15276805295
1.15271502337
1.15266200068
1.15260898486
1.15255597591
1.15250297384
1.15244997864
1.15239699031
1.15234400885
1.15229103426
1.14854728808
1.1484948036
1.14844232586
1.14838985487
1.14833739063
1.14828493313
1.14823248237
1.14818003835
1.14812760107
1.14807517052
1.14802274671
1.14797032963
1.14791791928
1.14786551567
1.14781311878
1.14776072861
1.14770834518
1.14765596846
1.14760359847
1.1475512352
1.14749887864
1.14744652881
1.14739418569
1.14734184928
1.14728951958
1.1472371966
1.14718488032
1.14713257075
1.14708026789
1.14702797173
1.14697568227
1.14333198112
1.14328016349
1.14322835244
1.14317654798
1.1431247501
1.14307295881
1.1430211741
1.14296939597
1.14291762442
1.14286585945
1.14281410105
1.14276234923
1.14271060398
1.1426588653
1.1426071332
1.14255540766
1.14250368869
1.14245197628
1.14240027044
1.14234857116
1.14229687844
1.14224519228
1.14219351267
1.14214183963
1.14209017313
1.14203851319
1.14198685981
1.14193521297
1.14188357268
1.14183193893
