0.663134293892
0.663121511126
0.663108729606
0.663095949331
0.663083170302
0.663070392518
0.663057615979
0.663044840685
0.663032066635
0.663019293828
0.663006522265
0.662993751945
0.662980982868
0.662968215034
0.662955448441
0.662942683091
0.662929918982
0.662917156114
0.662904394488
0.662891634101
0.662878874955
0.662866117049
0.662853360383
0.662840604956
0.662827850767
0.662815097818
0.662802346106
0.662789595633
0.662776846397
0.662764098399
0.662751351637
0.6618621331
0.661849473345
0.661836814805
0.661824157478
0.661811501364
0.661798846464
0.661786192777
0.661773540301
0.661760889038
0.661748238987
0.661735590147
0.661722942519
0.661710296101
0.661697650894
0.661685006897
0.66167236411
0.661659722533
0.661647082165
0.661634443006
0.661621805056
0.661609168314
0.66159653278
0.661583898454
0.661571265335
0.661558633424
0.661546002719
0.66153337322
0.661520744928
0.661508117842
0.661495491961
0.660602116615
0.660589576724
0.660577038016
0.660564500491
0.660551964149
0.660539428989
0.660526895011
0.660514362214
0.660501830599
0.660489300165
0.660476770911
0.660464242838
0.660451715945
0.660439190232
0.660426665699
0.660414142344
0.660401620169
0.660389099172
0.660376579354
0.660364060714
0.660351543251
0.660339026966
0.660326511857
0.660313997926
0.660301485171
0.660288973593
0.66027646319
0.660263953963
0.660251445912
0.660238939035
0.660226433333
0.659353935662
0.659341512607
0.659329090706
0.659316669959
0.659304250364
0.659291831921
0.659279414631
0.659266998493
0.659254583507
0.659242169672
0.659229756989
0.659217345456
0.659204935073
0.659192525842
0.65918011776
0.659167710827
0.659155305044
0.659142900411
0.659130496926
0.659118094589
0.659105693401
0.659093293361
0.659080894469
0.659068496723
0.659056100125
0.659043704674
0.659031310369
0.659018917211
0.659006525198
0.658994134332
0.658117293283
0.658104984153
0.658092676148
0.658080369268
0.658068063512
0.65805575888
0.658043455372
0.658031152987
0.658018851726
0.658006551588
0.657994252572
0.657981954679
0.657969657907
0.657957362258
0.65794506773
0.657932774324
0.657920482039
0.657908190874
0.65789590083
0.657883611905
0.657871324101
0.657859037417
0.657846751851
0.657834467405
0.657822184078
0.657809901869
0.657797620778
0.657785340805
0.65777306195
0.657760784213
0.657748507592
0.656891903766
0.656879705759
0.656867508849
0.656855313036
0.65684311832
0.656830924701
0.656818732178
0.656806540751
0.65679435042
0.656782161185
0.656769973045
0.656757785999
0.656745600049
0.656733415193
0.656721231431
0.656709048763
0.656696867189
0.656684686708
0.656672507321
0.656660329026
0.656648151824
0.656635975714
0.656623800696
0.65661162677
0.656599453936
0.656587282192
0.65657511154
0.656562941979
0.656550773508
0.656538606127
