15.1244284938
15.1079858119
15.0915891639
15.075238355
15.0589331911
15.0426734796
15.0264590286
15.0102896476
14.9941651469
14.9780853382
14.9620500339
14.9460590476
14.930112194
14.9142092888
14.8983501485
14.882534591
14.866762435
14.8510335002
14.8353476074
14.8197045781
14.8041042352
14.7885464024
14.7730309042
14.7575575663
14.7421262153
14.7267366786
14.7113887847
14.6960823631
14.6808172441
14.6655932588
14.6504102396
13.6802978503
13.6676451268
13.6550233463
13.642432394
13.6298721555
13.6173425173
13.604843366
13.5923745893
13.579936075
13.5675277116
13.5551493883
13.5428009947
13.5304824209
13.5181935576
13.5059342961
13.493704528
13.4815041458
13.4693330422
13.4571911105
13.4450782445
13.4329943388
13.420939288
13.4089129877
13.3969153337
13.3849462224
13.3730055506
13.3610932159
13.3492091159
13.3373531492
13.3255252146
12.5516156436
12.5415685981
12.5315433436
12.5215398081
12.51155792
12.5015976079
12.4916588009
12.4817414283
12.4718454196
12.4619707049
12.4521172144
12.4422848785
12.4324736282
12.4226833946
12.4129141091
12.4031657035
12.3934381099
12.3837312604
12.3740450878
12.3643795251
12.3547345053
12.345109962
12.335505829
12.3259220403
12.3163585304
12.3068152338
12.2972920854
12.2877890205
12.2783059745
12.2688428832
12.2593996826
11.6442656682
11.6360867311
11.6279237155
11.6197765739
11.6116452593
11.6035297246
11.595429923
11.5873458081
11.5792773333
11.5712244524
11.5631871195
11.5551652886
11.547158914
11.5391679503
11.5311923521
11.5232320743
11.5152870719
11.5073573001
11.4994427143
11.49154327
11.483658923
11.4757896292
11.4679353446
11.4600960255
11.4522716283
11.4444621096
11.4366674262
11.4288875349
11.4211223928
11.4133719573
10.8982001148
10.8914060654
10.8846240012
10.8778538899
10.8710956991
10.8643493967
10.8576149506
10.8508923289
10.8441814997
10.8374824314
10.8307950922
10.8241194508
10.8174554758
10.8108031358
10.8041623997
10.7975332366
10.7909156154
10.7843095054
10.7777148758
10.771131696
10.7645599355
10.757999564
10.7514505512
10.7449128669
10.7383864811
10.7318713637
10.725367485
10.7188748151
10.7123933246
10.7059229837
10.6994637631
10.2733033243
10.2675644021
10.2618347275
10.2561142776
10.2504030297
10.2447009608
10.2390080483
10.2333242696
10.2276496021
10.2219840234
10.216327511
10.2106800426
10.205041596
10.1994121489
10.1937916793
10.1881801651
10.1825775843
10.1769839151
10.1713991357
10.1658232242
10.160256159
10.1546979184
10.1491484811
10.1436078254
10.1380759299
10.1325527735
10.1270383347
10.1215325924
10.1160355254
10.1105471128
