0.108733771806
0.108732497479
0.108731223202
0.108729948975
0.108728674797
0.10872740067
0.108726126592
0.108724852564
0.108723578586
0.108722304658
0.108721030779
0.108719756951
0.108718483172
0.108717209443
0.108715935763
0.108714662134
0.108713388554
0.108712115024
0.108710841544
0.108709568114
0.108708294733
0.108707021402
0.108705748121
0.10870447489
0.108703201708
0.108701928576
0.108700655494
0.108699382462
0.108698109479
0.108696836546
0.108695563663
0.108606585109
0.108605315743
0.108604046428
0.108602777161
0.108601507944
0.108600238777
0.108598969658
0.10859770059
0.10859643157
0.1085951626
0.108593893679
0.108592624808
0.108591355985
0.108590087213
0.108588818489
0.108587549815
0.10858628119
0.108585012614
0.108583744088
0.108582475611
0.108581207184
0.108579938805
0.108578670476
0.108577402197
0.108576133966
0.108574865785
0.108573597653
0.10857232957
0.108571061537
0.108569793553
0.108479892305
0.108478627855
0.108477363455
0.108476099103
0.108474834801
0.108473570547
0.108472306342
0.108471042186
0.108469778079
0.108468514021
0.108467250012
0.108465986051
0.10846472214
0.108463458277
0.108462194464
0.108460930699
0.108459666983
0.108458403316
0.108457139697
0.108455876128
0.108454612607
0.108453349136
0.108452085713
0.108450822339
0.108449559013
0.108448295737
0.108447032509
0.108445769331
0.108444506201
0.10844324312
0.108441980087
0.10835368882
0.108352429241
0.10835116971
0.108349910228
0.108348650794
0.108347391409
0.108346132072
0.108344872784
0.108343613544
0.108342354353
0.10834109521
0.108339836115
0.108338577069
0.108337318072
0.108336059122
0.108334800222
0.108333541369
0.108332282565
0.10833102381
0.108329765102
0.108328506444
0.108327247833
0.108325989271
0.108324730757
0.108323472292
0.108322213875
0.108320955507
0.108319697187
0.108318438915
0.108317180691
0.10822797015
0.108226715396
0.108225460691
0.108224206033
0.108222951424
0.108221696863
0.108220442349
0.108219187884
0.108217933467
0.108216679097
0.108215424776
0.108214170503
0.108212916277
0.1082116621
0.108210407971
0.108209153889
0.108207899856
0.108206645871
0.108205391933
0.108204138043
0.108202884202
0.108201630408
0.108200376663
0.108199122965
0.108197869315
0.108196615713
0.108195362159
0.108194108653
0.108192855195
0.108191601785
0.108190348423
0.108102731859
0.108101481888
0.108100231963
0.108098982087
0.108097732258
0.108096482476
0.108095232742
0.108093983056
0.108092733417
0.108091483826
0.108090234283
0.108088984787
0.108087735338
0.108086485937
0.108085236584
0.108083987278
0.10808273802
0.108081488809
0.108080239645
0.10807899053
0.108077741462
0.108076492441
0.108075243468
0.108073994542
0.108072745664
0.108071496833
0.10807024805
0.108068999314
0.108067750626
0.108066501985
