0.0439089908775
0.0439086669426
0.043908343017
0.0439080191007
0.0439076951936
0.0439073712959
0.0439070474074
0.0439067235282
0.0439063996583
0.0439060757977
0.0439057519464
0.0439054281043
0.0439051042715
0.043904780448
0.0439044566338
0.0439041328288
0.0439038090331
0.0439034852467
0.0439031614695
0.0439028377017
0.0439025139431
0.0439021901937
0.0439018664536
0.0439015427228
0.0439012190013
0.043900895289
0.043900571586
0.0439002478923
0.0438999242078
0.0438996005326
0.0438992768666
0.0438766432097
0.0438763201989
0.0438759971974
0.0438756742051
0.043875351222
0.0438750282481
0.0438747052833
0.0438743823278
0.0438740593815
0.0438737364443
0.0438734135163
0.0438730905976
0.043872767688
0.0438724447876
0.0438721218964
0.0438717990143
0.0438714761415
0.0438711532778
0.0438708304233
0.0438705075781
0.0438701847419
0.043869861915
0.0438695390973
0.0438692162887
0.0438688934893
0.0438685706991
0.043868247918
0.0438679251461
0.0438676023835
0.0438672796299
0.0438443875229
0.0438440654276
0.0438437433414
0.0438434212643
0.0438430991963
0.0438427771374
0.0438424550876
0.0438421330469
0.0438418110154
0.0438414889929
0.0438411669795
0.0438408449753
0.0438405229801
0.043840200994
0.0438398790171
0.0438395570492
0.0438392350904
0.0438389131408
0.0438385912002
0.0438382692687
0.0438379473463
0.043837625433
0.0438373035288
0.0438369816337
0.0438366597477
0.0438363378708
0.043836016003
0.0438356941442
0.0438353722946
0.043835050454
0.0438347286225
0.0438122229456
0.043811901757
0.0438115805775
0.0438112594069
0.0438109382454
0.0438106170929
0.0438102959494
0.043809974815
0.0438096536896
0.0438093325732
0.0438090114658
0.0438086903674
0.043808369278
0.0438080481977
0.0438077271264
0.043807406064
0.0438070850107
0.0438067639664
0.0438064429312
0.0438061219049
0.0438058008876
0.0438054798794
0.0438051588801
0.0438048378899
0.0438045169086
0.0438041959364
0.0438038749732
0.0438035540189
0.0438032330737
0.0438029121375
0.0437801486212
0.0437798283308
0.0437795080494
0.043779187777
0.0437788675135
0.0437785472589
0.0437782270133
0.0437779067766
0.0437775865488
0.04377726633
0.0437769461201
0.0437766259191
0.0437763057271
0.043775985544
0.0437756653698
0.0437753452046
0.0437750250483
0.0437747049009
0.0437743847624
0.0437740646329
0.0437737445123
0.0437734244006
0.0437731042979
0.043772784204
0.0437724641191
0.0437721440431
0.043771823976
0.0437715039179
0.0437711838687
0.0437708638283
0.0437705437969
0.043748163708
0.0437478443076
0.0437475249161
0.0437472055334
0.0437468861595
0.0437465667945
0.0437462474384
0.0437459280911
0.0437456087527
0.0437452894231
0.0437449701024
0.0437446507905
0.0437443314875
0.0437440121933
0.0437436929079
0.0437433736315
0.0437430543638
0.043742735105
0.0437424158551
0.043742096614
0.0437417773817
0.0437414581583
0.0437411389437
0.043740819738
0.0437405005411
0.043740181353
0.0437398621738
0.0437395430034
0.0437392238419
0.0437389046891
