4.17385902622
4.17348072885
4.17310250382
4.1727243511
4.17234627066
4.17196826248
4.17159032656
4.17121246285
4.17083467135
4.17045695203
4.17007930487
4.16970172985
4.16932422695
4.16894679615
4.16856943743
4.16819215076
4.16781493613
4.16743779352
4.1670607229
4.16668372425
4.16630679756
4.1659299428
4.16555315995
4.16517644899
4.1647998099
4.16442324266
4.16404674725
4.16367032364
4.16329397183
4.16291769177
4.16254148347
4.13638396257
4.13601279574
4.13564169918
4.13527067287
4.1348997168
4.13452883094
4.13415801528
4.13378726979
4.13341659446
4.13304598926
4.13267545417
4.13230498918
4.13193459426
4.1315642694
4.13119401456
4.13082382975
4.13045371492
4.13008367007
4.12971369517
4.12934379021
4.12897395516
4.12860419
4.12823449472
4.12786486929
4.12749531369
4.12712582791
4.12675641192
4.1263870657
4.12601778924
4.12564858251
4.09961191257
4.09924767476
4.09888350524
4.098519404
4.09815537102
4.09779140628
4.09742750976
4.09706368144
4.09669992131
4.09633622934
4.09597260551
4.0956090498
4.0952455622
4.09488214269
4.09451879124
4.09415550784
4.09379229247
4.0934291451
4.09306606573
4.09270305432
4.09234011087
4.09197723534
4.09161442773
4.09125168801
4.09088901616
4.09052641217
4.09016387602
4.08980140768
4.08943900713
4.08907667437
4.08871440936
4.06352310166
4.06316559889
4.06280816252
4.06245079253
4.06209348889
4.0617362516
4.06137908062
4.06102197595
4.06066493756
4.06030796544
4.05995105956
4.05959421991
4.05923744647
4.05888073922
4.05852409814
4.05816752322
4.05781101443
4.05745457175
4.05709819518
4.05674188468
4.05638564025
4.05602946185
4.05567334948
4.05531730312
4.05496132274
4.05460540833
4.05424955987
4.05389377734
4.05353806072
4.05318241
4.0280984918
4.0277475373
4.02739664737
4.02704582199
4.02669506113
4.02634436478
4.02599373292
4.02564316554
4.02529266261
4.02494222411
4.02459185004
4.02424154037
4.02389129508
4.02354111416
4.02319099758
4.02284094533
4.0224909574
4.02214103376
4.0217911744
4.02144137929
4.02109164843
4.02074198178
4.02039237934
4.02004284109
4.01969336701
4.01934395708
4.01899461128
4.0186453296
4.01829611201
4.01794695851
4.01759786906
3.99331974745
3.99297516132
3.99263063797
3.99228617741
3.99194177962
3.99159744456
3.99125317224
3.99090896262
3.9905648157
3.99022073146
3.98987670987
3.98953275093
3.98918885461
3.9888450209
3.98850124978
3.98815754123
3.98781389523
3.98747031178
3.98712679084
3.98678333241
3.98643993646
3.98609660299
3.98575333196
3.98541012338
3.9850669772
3.98472389343
3.98438087204
3.98403791302
3.98369501635
3.98335218201
