2.94735211497
2.94724606563
2.94714002573
2.94703399527
2.94692797424
2.94682196264
2.94671596047
2.94660996773
2.94650398442
2.94639801054
2.94629204608
2.94618609105
2.94608014544
2.94597420925
2.94586828248
2.94576236513
2.94565645719
2.94555055868
2.94544466958
2.94533878989
2.94523291961
2.94512705875
2.94502120729
2.94491536524
2.9448095326
2.94470370937
2.94459789553
2.94449209111
2.94438629608
2.94428051045
2.94417473422
2.93679367457
2.93668856225
2.93658345923
2.93647836551
2.9363732811
2.93626820598
2.93616314016
2.93605808364
2.93595303641
2.93584799848
2.93574296983
2.93563795048
2.93553294042
2.93542793965
2.93532294817
2.93521796597
2.93511299306
2.93500802942
2.93490307508
2.93479813001
2.93469319422
2.93458826771
2.93448335048
2.93437844252
2.93427354383
2.93416865442
2.93406377428
2.93395890341
2.93385404181
2.93374918948
2.92632828039
2.92622409189
2.92611991256
2.92601574241
2.92591158142
2.9258074296
2.92570328695
2.92559915346
2.92549502914
2.92539091398
2.92528680799
2.92518271115
2.92507862348
2.92497454496
2.9248704756
2.92476641539
2.92466236434
2.92455832245
2.9244542897
2.92435026611
2.92424625166
2.92414224636
2.92403825021
2.9239342632
2.92383028534
2.92372631662
2.92362235704
2.92351840661
2.92341446531
2.92331053315
2.92320661012
2.91595462556
2.91585134794
2.91574807936
2.91564481982
2.91554156933
2.91543832788
2.91533509546
2.91523187208
2.91512865774
2.91502545244
2.91492225617
2.91481906893
2.91471589073
2.91461272155
2.9145095614
2.91440641029
2.91430326819
2.91420013513
2.91409701108
2.91399389606
2.91389079006
2.91378769308
2.91368460512
2.91358152618
2.91347845626
2.91337539535
2.91327234345
2.91316930056
2.91306626669
2.91296324183
2.905671428
2.90556904856
2.90546667803
2.90536431643
2.90526196373
2.90515961996
2.9050572851
2.90495495915
2.90485264211
2.90475033398
2.90464803476
2.90454574444
2.90444346304
2.90434119053
2.90423892694
2.90413667224
2.90403442644
2.90393218955
2.90382996155
2.90372774245
2.90362553225
2.90352333094
2.90342113852
2.903318955
2.90321678037
2.90311461463
2.90301245777
2.90291030981
2.90280817073
2.90270604053
2.90260391922
2.89547742985
2.89537593613
2.8952744512
2.89517297507
2.89507150773
2.89497004918
2.89486859943
2.89476715846
2.89466572628
2.89456430289
2.89446288828
2.89436148246
2.89426008541
2.89415869715
2.89405731768
2.89395594698
2.89385458505
2.89375323191
2.89365188754
2.89355055195
2.89344922512
2.89334790707
2.89324659779
2.89314529729
2.89304400554
2.89294272257
2.89284144836
2.89274018292
2.89263892624
2.89253767832
