1.62099949264
1.61970343386
1.61841086749
1.61712177899
1.61583615392
1.61455397793
1.61327523672
1.61199991608
1.6107280019
1.60945948011
1.60819433676
1.60693255793
1.60567412982
1.60441903868
1.60316727084
1.6019188127
1.60067365075
1.59943177154
1.59819316169
1.59695780792
1.59572569698
1.59449681573
1.59327115107
1.59204868999
1.59082941956
1.58961332688
1.58840039917
1.58719062368
1.58598398774
1.58478047876
1.5835800842
1.50661113595
1.50560356153
1.50459835091
1.50359549546
1.50259498662
1.50159681582
1.50060097458
1.49960745443
1.49861624696
1.49762734379
1.49664073659
1.49565641704
1.49467437691
1.49369460797
1.49271710205
1.49174185101
1.49076884674
1.4897980812
1.48882954635
1.48786323422
1.48689913686
1.48593724637
1.48497755487
1.48402005453
1.48306473756
1.48211159621
1.48116062274
1.48021180949
1.47926514879
1.47832063304
1.41630729107
1.4154993164
1.4146930159
1.41388838416
1.41308541574
1.41228410525
1.41148444734
1.41068643664
1.40989006784
1.40909533563
1.40830223475
1.40751075993
1.40672090594
1.40593266758
1.40514603966
1.40436101701
1.40357759448
1.40279576697
1.40201552936
1.40123687659
1.4004598036
1.39968430535
1.39891037684
1.39813801307
1.39736720906
1.39659795989
1.3958302606
1.39506410631
1.39429949212
1.39353641316
1.3927748646
1.3430012809
1.34233717016
1.34167428867
1.34101263283
1.34035219905
1.33969298377
1.33903498342
1.33837819447
1.33772261338
1.33706823664
1.33641506075
1.33576308223
1.33511229759
1.33446270338
1.33381429615
1.33316707247
1.33252102891
1.33187616206
1.33123246855
1.33058994497
1.32994858797
1.32930839419
1.32866936028
1.32803148292
1.3273947588
1.3267591846
1.32612475704
1.32549147283
1.32485932872
1.32422832144
1.28214360608
1.28158664311
1.28103060955
1.28047550292
1.27992132074
1.27936806058
1.27881571996
1.27826429647
1.27771378766
1.27716419111
1.27661550442
1.27606772517
1.27552085097
1.27497487943
1.27442980817
1.27388563482
1.27334235701
1.2727999724
1.27225847863
1.27171787337
1.27117815429
1.27063931906
1.27010136538
1.26956429093
1.26902809343
1.26849277057
1.26795832009
1.2674247397
1.26689202714
1.26636018015
1.26582919649
1.23067957948
1.23020459455
1.22973032963
1.22925678294
1.22878395275
1.2283118373
1.22784043486
1.22736974369
1.22689976206
1.22643048825
1.22596192054
1.22549405722
1.22502689659
1.22456043693
1.22409467657
1.2236296138
1.22316524694
1.22270157432
1.22223859425
1.22177630508
1.22131470514
1.22085379277
1.22039356633
1.21993402415
1.21947516461
1.21901698606
1.21855948688
1.21810266544
1.21764652012
1.21719104931
