5.50770547852
5.50731798468
5.50693055941
5.5065432027
5.50615591451
5.50576869485
5.50538154367
5.50499446097
5.50460744672
5.50422050091
5.50383362351
5.50344681451
5.50306007388
5.50267340161
5.50228679768
5.50190026206
5.50151379475
5.50112739571
5.50074106493
5.50035480239
5.49996860807
5.49958248196
5.49919642402
5.49881043425
5.49842451261
5.4980386591
5.4976528737
5.49726715638
5.49688150712
5.49649592591
5.49611041272
5.46929238614
5.46891165371
5.46853098792
5.46815038877
5.46776985623
5.46738939028
5.46700899091
5.46662865809
5.4662483918
5.46586819204
5.46548805877
5.46510799199
5.46472799166
5.46434805778
5.46396819032
5.46358838927
5.4632086546
5.4628289863
5.46244938435
5.46206984873
5.46169037943
5.46131097641
5.46093163967
5.46055236918
5.46017316493
5.4597940269
5.45941495506
5.45903594941
5.45865700992
5.45827813657
5.43154603816
5.43117187853
5.43079778371
5.43042375366
5.43004978838
5.42967588785
5.42930205204
5.42892828094
5.42855457453
5.4281809328
5.42780735572
5.42743384327
5.42706039545
5.42668701223
5.42631369359
5.42594043951
5.42556724998
5.42519412498
5.42482106449
5.42444806849
5.42407513697
5.4237022699
5.42332946727
5.42295672906
5.42258405526
5.42221144584
5.42183890078
5.42146642008
5.4210940037
5.42072165164
5.42034936387
5.39444792859
5.39408016027
5.39371245496
5.39334481265
5.39297723333
5.39260971698
5.39224226358
5.3918748731
5.39150754555
5.39114028089
5.39077307911
5.39040594019
5.39003886412
5.38967185087
5.38930490044
5.3889380128
5.38857118793
5.38820442583
5.38783772646
5.38747108982
5.38710451588
5.38673800463
5.38637155606
5.38600517014
5.38563884685
5.38527258619
5.38490638812
5.38454025264
5.38417417973
5.38380816937
5.35798024391
5.35761869213
5.35725720166
5.35689577248
5.35653440456
5.35617309791
5.35581185249
5.35545066829
5.35508954529
5.35472848349
5.35436748285
5.35400654337
5.35364566502
5.3532848478
5.35292409168
5.35256339664
5.35220276268
5.35184218977
5.35148167789
5.35112122704
5.35076083719
5.35040050833
5.35004024043
5.34968003349
5.34931988749
5.3489598024
5.34859977822
5.34823981492
5.3478799125
5.34752007092
5.34716029019
5.32212583074
5.32177032721
5.32141488333
5.32105949909
5.32070417447
5.32034890946
5.31999370403
5.31963855818
5.31928347188
5.31892844513
5.3185734779
5.31821857017
5.31786372194
5.31750893318
5.31715420389
5.31679953403
5.31644492361
5.31609037259
5.31573588097
5.31538144873
5.31502707585
5.31467276232
5.31431850812
5.31396431323
5.31361017764
5.31325610134
5.3129020843
5.31254812651
5.31219422795
5.31184038861
