0.83445566231
0.834264706652
0.834074214826
0.833884184611
0.833694613797
0.833505500191
0.833316841613
0.833128635897
0.832940880891
0.832753574457
0.832566714471
0.832380298823
0.832194325414
0.832008792162
0.831823696995
0.831639037857
0.831454812702
0.831271019501
0.831087656233
0.830904720894
0.830722211491
0.830540126043
0.830358462582
0.830177219152
0.829996393811
0.829815984626
0.829635989679
0.829456407063
0.829277234882
0.829098471253
0.828920114305
0.81734551543
0.81719188415
0.817038550499
0.81688551326
0.816732771222
0.816580323182
0.816428167943
0.816276304316
0.816124731116
0.815973447167
0.815822451299
0.815671742347
0.815521319154
0.815371180569
0.815221325446
0.815071752648
0.814922461042
0.814773449501
0.814624716907
0.814476262144
0.814328084105
0.814180181689
0.814032553799
0.813885199346
0.813738117246
0.81359130642
0.813444765796
0.813298494309
0.813152490896
0.813006754504
0.803282318736
0.803153363387
0.803024611198
0.802896061449
0.802767713421
0.802639566401
0.802511619677
0.802383872543
0.802256324294
0.802128974229
0.802001821653
0.80187486587
0.80174810619
0.801621541927
0.801495172397
0.80136899692
0.801243014817
0.801117225416
0.800991628045
0.800866222037
0.800741006728
0.800615981457
0.800491145566
0.8003664984
0.800242039308
0.80011776764
0.799993682752
0.799869784001
0.799746070747
0.799622542355
0.79949919819
0.791288154009
0.791176439895
0.791064871298
0.790953447763
0.790842168838
0.790731034073
0.790620043018
0.790509195226
0.790398490254
0.790287927658
0.790177506998
0.790067227834
0.789957089729
0.789847092248
0.789737234957
0.789627517426
0.789517939224
0.789408499924
0.789299199099
0.789190036326
0.789081011182
0.788972123246
0.7888633721
0.788754757327
0.788646278511
0.788537935239
0.7884297271
0.788321653683
0.788213714581
0.788105909386
0.780770566413
0.780671436046
0.780572414023
0.780473500042
0.780374693805
0.780275995013
0.780177403368
0.780078918575
0.779980540339
0.779882268366
0.779784102364
0.779686042041
0.779588087107
0.779490237273
0.779392492251
0.779294851753
0.779197315495
0.779099883191
0.779002554558
0.778905329312
0.778808207174
0.778711187862
0.778614271098
0.778517456602
0.778420744098
0.77832413331
0.778227623963
0.778131215782
0.778034908495
0.777938701831
0.777842595517
0.771349427017
0.771259812576
0.771170281418
0.771080833336
0.770991468126
0.77090218558
0.770812985495
0.770723867666
0.770634831891
0.770545877965
0.770457005689
0.770368214861
0.770279505279
0.770190876745
0.77010232906
0.770013862025
0.769925475442
0.769837169115
0.769748942848
0.769660796445
0.76957272971
0.769484742451
0.769396834473
0.769309005584
0.769221255591
0.769133584303
0.76904599153
0.768958477081
0.768871040766
0.768783682397
