39.8873437923
39.8853070748
39.8832705702
39.8812342784
39.8791981994
39.8771623331
39.8751266795
39.8730912385
39.8710560102
39.8690209944
39.8669861913
39.8649516006
39.8629172224
39.8608830567
39.8588491034
39.8568153624
39.8547818339
39.8527485176
39.8507154136
39.8486825219
39.8466498424
39.844617375
39.8425851198
39.8405530767
39.8385212456
39.8364896266
39.8344582196
39.8324270246
39.8303960415
39.8283652703
39.826334711
39.6847199902
39.6827043855
39.6806889902
39.6786738042
39.6766588276
39.6746440603
39.6726295023
39.6706151535
39.6686010138
39.6665870834
39.6645733621
39.6625598498
39.6605465467
39.6585334525
39.6565205674
39.6545078912
39.6524954239
39.6504831656
39.648471116
39.6464592754
39.6444476435
39.6424362203
39.6404250059
39.6384140002
39.6364032031
39.6343926146
39.6323822348
39.6303720635
39.6283621007
39.6263523464
39.4841905928
39.4821957613
39.4802011359
39.4782067165
39.4762125031
39.4742184957
39.4722246941
39.4702310985
39.4682377087
39.4662445246
39.4642515464
39.4622587739
39.4602662072
39.4582738461
39.4562816906
39.4542897408
39.4522979966
39.4503064579
39.4483151247
39.446323997
39.4443330747
39.4423423579
39.4403518464
39.4383615403
39.4363714395
39.434381544
39.4323918538
39.4304023687
39.4284130889
39.4264240142
39.4244351446
39.2857220361
39.2837476461
39.281773459
39.2797994745
39.2778256928
39.2758521137
39.2738787372
39.2719055634
39.2699325921
39.2679598234
39.2659872572
39.2640148934
39.2620427321
39.2600707732
39.2580990167
39.2561274625
39.2541561106
39.252184961
39.2502140137
39.2482432686
39.2462727256
39.2443023848
39.2423322461
39.2403623095
39.238392575
39.2364230425
39.234453712
39.2324845834
39.2305156567
39.228546932
39.0892815138
39.0873272411
39.0853731679
39.0834192942
39.08146562
39.0795121453
39.07755887
39.0756057941
39.0736529176
39.0717002404
39.0697477625
39.0677954839
39.0658434045
39.0638915244
39.0619398434
39.0599883616
39.0580370789
39.0560859952
39.0541351107
39.0521844251
39.0502339385
39.0482836509
39.0463335622
39.0443836724
39.0424339815
39.0404844894
39.0385351961
39.0365861016
39.0346372058
39.0326885087
39.0307400103
38.8948369542
38.8929024815
38.8909682053
38.8890341254
38.8871002419
38.8851665547
38.8832330639
38.8812997693
38.8793666709
38.8774337688
38.8755010628
38.873568553
38.8716362392
38.8697041216
38.8677722
38.8658404744
38.8639089449
38.8619776113
38.8600464736
38.8581155318
38.8561847859
38.8542542358
38.8523238815
38.850393723
38.8484637602
38.8465339932
38.8446044218
38.8426750461
38.840745866
38.8388168815
