2.34060896934
2.33908989338
2.33757484592
2.33606381011
2.33455676922
2.3330537066
2.33155460571
2.33005945008
2.32856822335
2.32708090924
2.32559749156
2.32411795422
2.3226422812
2.32117045658
2.31970246454
2.31823828932
2.31677791526
2.3153213268
2.31386850843
2.31241944477
2.31097412048
2.30953252033
2.30809462916
2.30666043191
2.30522991359
2.30380305928
2.30237985416
2.30096028348
2.29954433257
2.29813198685
2.2967232318
2.20624548069
2.20505891298
2.20387506767
2.20269393477
2.20151550438
2.20033976662
2.19916671167
2.19799632976
2.19682861115
2.19566354617
2.19450112519
2.19334133861
2.19218417691
2.19102963059
2.18987769019
2.18872834632
2.18758158963
2.1864374108
2.18529580056
2.18415674969
2.18302024902
2.18188628942
2.18075486178
2.17962595707
2.17849956629
2.17737568046
2.17625429068
2.17513538807
2.1740189638
2.17290500908
2.09962393067
2.09866712563
2.09771224682
2.09675928798
2.09580824286
2.09485910523
2.09391186892
2.09296652775
2.09202307559
2.09108150632
2.09014181386
2.08920399216
2.08826803517
2.08733393689
2.08640169135
2.08547129258
2.08454273466
2.08361601169
2.08269111778
2.08176804709
2.08084679378
2.07992735205
2.07900971613
2.07809388025
2.0771798387
2.07626758577
2.07535711577
2.07444842305
2.07354150198
2.07263634695
2.07173295238
2.01256100356
2.01176967356
2.01097975709
2.01019125001
2.00940414821
2.00861844756
2.00783414398
2.00705123338
2.00626971171
2.00548957491
2.00471081896
2.00393343984
2.00315743355
2.00238279611
2.00160952355
2.00083761192
2.00006705728
1.9992978557
1.99853000328
1.99776349614
1.99699833038
1.99623450216
1.99547200762
1.99471084293
1.99395100428
1.99319248786
1.99243528988
1.99167940657
1.99092483418
1.99017156895
1.93981344488
1.93914531252
1.9384782487
1.93781225058
1.93714731533
1.93648344012
1.93582062214
1.93515885858
1.93449814664
1.93383848355
1.93317986653
1.93252229281
1.93186575964
1.93121026427
1.93055580397
1.929902376
1.92924997766
1.92859860624
1.92794825904
1.92729893336
1.92665062655
1.92600333591
1.92535705881
1.92471179258
1.92406753458
1.92342428219
1.92278203278
1.92214078374
1.92150053246
1.92086127635
1.92022301283
1.8778662009
1.87729232366
1.87671927432
1.87614705087
1.8755756513
1.87500507361
1.87443531578
1.87386637584
1.8732982518
1.87273094168
1.8721644435
1.87159875529
1.87103387511
1.870469801
1.869906531
1.86934406319
1.86878239561
1.86822152636
1.8676614535
1.86710217511
1.8665436893
1.86598599416
1.86542908778
1.86487296828
1.86431763378
1.86376308239
1.86320931225
1.86265632148
1.86210410823
1.86155267064
