0.971983240623
0.971934827854
0.971886420938
0.971838019874
0.971789624661
0.971741235298
0.971692851782
0.971644474114
0.971596102291
0.971547736312
0.971499376177
0.971451021883
0.97140267343
0.971354330816
0.97130599404
0.971257663101
0.971209337997
0.971161018728
0.971112705291
0.971064397686
0.971016095911
0.970967799966
0.970919509848
0.970871225557
0.970822947091
0.970774674449
0.970726407631
0.970678146633
0.970629891456
0.970581642098
0.970533398557
0.96717073294
0.967122899257
0.967075071302
0.967027249073
0.96697943257
0.966931621792
0.966883816736
0.966836017402
0.966788223788
0.966740435894
0.966692653718
0.966644877259
0.966597106515
0.966549341486
0.96650158217
0.966453828565
0.966406080672
0.966358338488
0.966310602012
0.966262871243
0.96621514618
0.966167426822
0.966119713166
0.966072005213
0.966024302961
0.965976606409
0.965928915555
0.965881230398
0.965833550937
0.965785877171
0.962415520085
0.962368253158
0.962320991837
0.962273736121
0.96222648601
0.962179241502
0.962132002595
0.96208476929
0.962037541583
0.961990319476
0.961943102965
0.96189589205
0.96184868673
0.961801487003
0.961754292869
0.961707104326
0.961659921373
0.961612744009
0.961565572233
0.961518406042
0.961471245437
0.961424090417
0.961376940979
0.961329797122
0.961282658846
0.96123552615
0.961188399032
0.96114127749
0.961094161525
0.961047051133
0.960999946316
0.957716388892
0.957669676788
0.957622970173
0.957576269047
0.957529573407
0.957482883253
0.957436198584
0.957389519398
0.957342845695
0.957296177473
0.957249514731
0.957202857468
0.957156205682
0.957109559373
0.95706291854
0.957016283181
0.956969653295
0.956923028881
0.956876409938
0.956829796465
0.95678318846
0.956736585923
0.956689988852
0.956643397246
0.956596811104
0.956550230425
0.956503655208
0.956457085451
0.956410521153
0.956363962314
0.953072165212
0.953025996381
0.952979832926
0.952933674845
0.952887522138
0.952841374803
0.952795232839
0.952749096246
0.952702965021
0.952656839164
0.952610718674
0.95256460355
0.95251849379
0.952472389393
0.952426290359
0.952380196685
0.952334108372
0.952288025418
0.952241947821
0.952195875582
0.952149808697
0.952103747168
0.952057690991
0.952011640167
0.951965594694
0.951919554571
0.951873519797
0.951827490371
0.951781466291
0.951735447557
0.951689434168
0.948481712212
0.94843607547
0.948390443992
0.94834481778
0.94829919683
0.948253581143
0.948207970718
0.948162365552
0.948116765646
0.948071170997
0.948025581606
0.94797999747
0.947934418589
0.947888844962
0.947843276587
0.947797713464
0.947752155592
0.947706602969
0.947661055594
0.947615513466
0.947569976585
0.947524444948
0.947478918556
0.947433397406
0.947387881498
0.947342370831
0.947296865404
0.947251365215
0.947205870264
0.947160380549
