13.6379884281
13.6370750416
13.6361618052
13.6352487189
13.6343357827
13.6334229965
13.6325103602
13.6315978738
13.6306855374
13.6297733507
13.6288613139
13.6279494268
13.6270376894
13.6261261017
13.6252146637
13.6243033752
13.6233922363
13.6224812469
13.621570407
13.6206597165
13.6197491754
13.6188387837
13.6179285412
13.617018448
13.6161085041
13.6151987093
13.6142890637
13.6133795672
13.6124702198
13.6115610214
13.6106519719
13.5473863356
13.5464877613
13.5455893332
13.5446910511
13.543792915
13.5428949249
13.5419970808
13.5410993826
13.5402018302
13.5393044237
13.5384071629
13.5375100479
13.5366130787
13.535716255
13.5348195771
13.5339230447
13.5330266578
13.5321304165
13.5312343207
13.5303383703
13.5294425653
13.5285469056
13.5276513913
13.5267560222
13.5258607984
13.5249657198
13.5240707863
13.523175998
13.5222813547
13.5213868565
13.4582458029
13.4573616461
13.4564776315
13.4555937592
13.454710029
13.4538264409
13.4529429949
13.4520596909
13.451176529
13.450293509
13.4494106309
13.4485278947
13.4476453004
13.4467628479
13.4458805371
13.4449983681
13.4441163408
13.4432344552
13.4423527112
13.4414711087
13.4405896478
13.4397083285
13.4388271506
13.4379461141
13.4370652191
13.4361844654
13.435303853
13.4344233819
13.433543052
13.4326628634
13.4317828159
13.370528076
13.3696579564
13.3687879753
13.3679181327
13.3670484285
13.3661788627
13.3653094352
13.364440146
13.3635709952
13.3627019825
13.3618331081
13.3609643719
13.3600957738
13.3592273137
13.3583589918
13.3574908078
13.3566227619
13.3557548539
13.3548870838
13.3540194516
13.3531519572
13.3522846006
13.3514173818
13.3505503008
13.3496833574
13.3488165517
13.3479498836
13.3470833531
13.3462169602
13.3453507048
13.2841958142
13.2833393653
13.2824830513
13.2816268722
13.2807708279
13.2799149184
13.2790591436
13.2782035036
13.2773479983
13.2764926276
13.2756373915
13.2747822901
13.2739273231
13.2730724907
13.2722177928
13.2713632293
13.2705088002
13.2696545055
13.2688003451
13.2679463191
13.2670924273
13.2662386697
13.2653850463
13.2645315571
13.263678202
13.262824981
13.2619718941
13.2611189412
13.2602661223
13.2594134373
13.2585608862
13.199213025
13.1983698934
13.1975268933
13.1966840247
13.1958412873
13.1949986813
13.1941562066
13.1933138632
13.1924716509
13.1916295699
13.1907876201
13.1899458013
13.1891041137
13.1882625571
13.1874211315
13.186579837
13.1857386734
13.1848976407
13.1840567389
13.1832159679
13.1823753278
13.1815348185
13.1806944399
13.179854192
13.1790140748
13.1781740883
13.1773342324
13.1764945071
13.1756549123
13.174815448
