0.296839990495
0.296831942761
0.296823896106
0.296815850531
0.296807806033
0.296799762615
0.296791720274
0.296783679011
0.296775638825
0.296767599717
0.296759561685
0.29675152473
0.296743488852
0.296735454049
0.296727420322
0.29671938767
0.296711356093
0.296703325592
0.296695296164
0.296687267811
0.296679240532
0.296671214326
0.296663189193
0.296655165134
0.296647142147
0.296639120233
0.296631099391
0.29662307962
0.296615060921
0.296607043294
0.296599026737
0.296040511479
0.296032570208
0.296024629988
0.296016690817
0.296008752695
0.296000815622
0.295992879598
0.295984944623
0.295977010696
0.295969077817
0.295961145985
0.295953215201
0.295945285463
0.295937356773
0.295929429129
0.295921502531
0.295913576979
0.295905652473
0.295897729012
0.295889806596
0.295881885225
0.295873964898
0.295866045615
0.295858127377
0.295850210182
0.29584229403
0.295834378921
0.295826464855
0.295818551832
0.295810639851
0.295251535435
0.29524369775
0.295235861087
0.295228025445
0.295220190825
0.295212357225
0.295204524646
0.295196693087
0.295188862548
0.295181033029
0.29517320453
0.295165377049
0.295157550588
0.295149725145
0.295141900721
0.295134077314
0.295126254926
0.295118433555
0.295110613202
0.295102793865
0.295094975545
0.295087158242
0.295079341954
0.295071526683
0.295063712427
0.295055899187
0.295048086962
0.295040275751
0.295032465555
0.295024656374
0.295016848206
0.294472779992
0.294465043123
0.294457307249
0.294449572369
0.294441838483
0.294434105591
0.294426373692
0.294418642787
0.294410912874
0.294403183955
0.294395456027
0.294387729092
0.294380003148
0.294372278196
0.294364554236
0.294356831267
0.294349109288
0.2943413883
0.294333668302
0.294325949294
0.294318231276
0.294310514248
0.294302798208
0.294295083158
0.294287369096
0.294279656023
0.294271943938
0.294264232841
0.294256522731
0.294248813609
0.29370397335
0.293696334631
0.293688696881
0.293681060098
0.293673424284
0.293665789437
0.293658155558
0.293650522646
0.2936428907
0.293635259721
0.293627629709
0.293620000662
0.293612372581
0.293604745466
0.293597119316
0.293589494132
0.293581869912
0.293574246656
0.293566624365
0.293559003038
0.293551382674
0.293543763274
0.293536144838
0.293528527364
0.293520910853
0.293513295305
0.293505680718
0.293498067094
0.293490454432
0.293482842731
0.293475231991
0.292944853791
0.292937310654
0.292929768461
0.29292222721
0.292914686902
0.292907147537
0.292899609114
0.292892071632
0.292884535093
0.292876999494
0.292869464838
0.292861931122
0.292854398346
0.292846866511
0.292839335617
0.292831805662
0.292824276647
0.292816748572
0.292809221435
0.292801695238
0.29279416998
0.292786645659
0.292779122278
0.292771599834
0.292764078328
0.292756557759
0.292749038128
0.292741519434
0.292734001676
0.292726484855
