5.15691558507
5.15640710961
5.15589873446
5.15539045959
5.15488228498
5.15437421059
5.15386623639
5.15335836236
5.15285058847
5.15234291468
5.15183534096
5.15132786729
5.15082049364
5.15031321997
5.14980604626
5.14929897248
5.1487919986
5.14828512459
5.14777835041
5.14727167605
5.14676510146
5.14625862663
5.14575225152
5.14524597609
5.14473980034
5.14423372421
5.14372774769
5.14322187074
5.14271609333
5.14221041544
5.14170483704
5.10655983114
5.10606124184
5.10556274994
5.10506435541
5.10456605822
5.10406785835
5.10356975577
5.10307175044
5.10257384234
5.10207603145
5.10157831772
5.10108070114
5.10058318168
5.1000857593
5.09958843398
5.09909120569
5.0985940744
5.09809704008
5.09760010271
5.09710326226
5.09660651869
5.09610987199
5.09561332211
5.09511686904
5.09462051274
5.09412425319
5.09362809036
5.09313202421
5.09263605473
5.09214018188
5.05717845902
5.0566894702
5.05620057598
5.05571177633
5.05522307123
5.05473446064
5.05424594454
5.0537575229
5.0532691957
5.05278096291
5.05229282449
5.05180478043
5.0513168307
5.05082897526
5.05034121409
5.04985354717
5.04936597446
5.04887849594
5.04839111158
5.04790382136
5.04741662524
5.0469295232
5.04644251521
5.04595560125
5.04546878129
5.0449820553
5.04449542325
5.04400888511
5.04352244087
5.04303609048
5.04254983394
5.00874344472
5.00826378161
5.00778421039
5.00730473106
5.00682534358
5.00634604792
5.00586684406
5.00538773198
5.00490871164
5.00442978302
5.0039509461
5.00347220084
5.00299354723
5.00251498523
5.00203651482
5.00155813597
5.00107984865
5.00060165285
5.00012354853
4.99964553567
4.99916761424
4.99868978421
4.99821204556
4.99773439826
4.99725684229
4.99677937762
4.99630200422
4.99582472207
4.99534753115
4.99487043141
4.9612278292
4.9607572274
4.96028671491
4.95981629171
4.95934595777
4.95887571307
4.95840555757
4.95793549126
4.95746551411
4.9569956261
4.95652582719
4.95605611737
4.9555864966
4.95511696487
4.95464752215
4.9541781684
4.95370890362
4.95323972776
4.95277064081
4.95230164275
4.95183273353
4.95136391315
4.95089518158
4.95042653878
4.94995798474
4.94948951942
4.94902114282
4.94855285489
4.94808465561
4.94761654496
4.94714852292
4.91460566824
4.91414387328
4.91368216513
4.91322054378
4.91275900919
4.91229756135
4.91183620022
4.91137492579
4.91091373802
4.9104526369
4.9099916224
4.9095306945
4.90906985316
4.90860909838
4.90814843011
4.90768784835
4.90722735305
4.90676694421
4.90630662179
4.90584638577
4.90538623613
4.90492617284
4.90446619587
4.90400630521
4.90354650083
4.90308678271
4.90262715081
4.90216760512
4.90170814561
4.90124877226
