0.110476838891
0.110476009962
0.110475181047
0.110474352145
0.110473523257
0.110472694382
0.110471865521
0.110471036674
0.11047020784
0.11046937902
0.110468550214
0.110467721422
0.110466892643
0.110466063877
0.110465235126
0.110464406388
0.110463577664
0.110462748953
0.110461920256
0.110461091573
0.110460262903
0.110459434247
0.110458605604
0.110457776976
0.110456948361
0.110456119759
0.110455291171
0.110454462597
0.110453634037
0.11045280549
0.110451976957
0.110394013532
0.110393185967
0.110392358416
0.110391530878
0.110390703354
0.110389875843
0.110389048347
0.110388220863
0.110387393394
0.110386565938
0.110385738495
0.110384911067
0.110384083651
0.11038325625
0.110382428862
0.110381601488
0.110380774127
0.11037994678
0.110379119446
0.110378292127
0.11037746482
0.110376637528
0.110375810249
0.110374982983
0.110374155732
0.110373328494
0.110372501269
0.110371674058
0.110370846861
0.110370019677
0.110311324408
0.110310498204
0.110309672013
0.110308845835
0.110308019672
0.110307193522
0.110306367385
0.110305541262
0.110304715153
0.110303889057
0.110303062974
0.110302236906
0.110301410851
0.110300584809
0.110299758781
0.110298932767
0.110298106766
0.110297280779
0.110296454806
0.110295628846
0.110294802899
0.110293976966
0.110293151047
0.110292325141
0.110291499249
0.110290673371
0.110289847506
0.110289021654
0.110288195817
0.110287369992
0.110286544182
0.11022877115
0.110227946303
0.110227121469
0.110226296648
0.110225471841
0.110224647047
0.110223822267
0.110222997501
0.110222172748
0.110221348009
0.110220523283
0.110219698571
0.110218873872
0.110218049187
0.110217224515
0.110216399857
0.110215575213
0.110214750582
0.110213925965
0.110213101361
0.11021227677
0.110211452194
0.11021062763
0.110209803081
0.110208978545
0.110208154022
0.110207329513
0.110206505017
0.110205680535
0.110204856067
0.110146353391
0.110145529897
0.110144706416
0.110143882948
0.110143059494
0.110142236054
0.110141412627
0.110140589213
0.110139765813
0.110138942427
0.110138119054
0.110137295694
0.110136472348
0.110135649016
0.110134825697
0.110134002392
0.1101331791
0.110132355821
0.110131532556
0.110130709305
0.110129886067
0.110129062843
0.110128239632
0.110127416435
0.110126593251
0.11012577008
0.110124946924
0.11012412378
0.11012330065
0.110122477534
0.110121654431
0.110064070765
0.11006324862
0.110062426489
0.11006160437
0.110060782266
0.110059960175
0.110059138097
0.110058316033
0.110057493982
0.110056671945
0.110055849921
0.11005502791
0.110054205914
0.11005338393
0.11005256196
0.110051740004
0.110050918061
0.110050096131
0.110049274215
0.110048452313
0.110047630424
0.110046808548
0.110045986686
0.110045164837
0.110044343002
0.11004352118
0.110042699372
0.110041877577
0.110041055796
0.110040234028
