4.80777024367
4.78826457097
4.76892993475
4.74976409435
4.7307648481
4.71193003244
4.69325752111
4.67474522437
4.65639108819
4.6381930935
4.62014925546
4.60225762272
4.58451627674
4.56692333107
4.54947693071
4.53217525146
4.51501649925
4.49799890956
4.48112074679
4.46438030368
4.44777590072
4.43130588561
4.41496863269
4.39876254242
4.38268604086
4.36673757914
4.35091563299
4.33521870221
4.31964531026
4.30419400375
4.28886335199
3.44932552379
3.43993457523
3.43060084308
3.42132380562
3.41210294745
3.40293775938
3.39382773839
3.38477238747
3.37577121558
3.36682373754
3.35792947393
3.34908795106
3.3402987008
3.33156126056
3.32287517322
3.31423998697
3.30565525534
3.29712053702
3.28863539586
3.28019940075
3.27181212558
3.26347314914
3.25518205506
3.24693843175
3.23874187233
3.23059197453
3.22248834069
3.21443057762
3.20641829659
3.19845111326
2.72829817276
2.72279161904
2.71731076231
2.71185542286
2.70642542268
2.70102058539
2.69564073624
2.69028570213
2.6849553115
2.67964939443
2.6743677825
2.66911030886
2.6638768082
2.65866711669
2.65348107199
2.64831851324
2.64317928105
2.63806321744
2.63297016587
2.62789997122
2.62285247973
2.61782753903
2.61282499813
2.60784470736
2.60288651838
2.59795028418
2.59303585905
2.58814309856
2.58327185955
2.57842200012
2.57359337962
2.2811443512
2.27752837626
2.27392607038
2.27033735606
2.26676215634
2.26320039489
2.25965199593
2.25611688425
2.25259498519
2.24908622469
2.24559052919
2.24210782572
2.23863804182
2.2351811056
2.23173694568
2.22830549121
2.22488667186
2.22148041785
2.21808665986
2.21470532913
2.21133635736
2.20797967678
2.20463522011
2.20130292054
2.19798271178
2.19467452798
2.19137830381
2.18809397437
2.18482147527
2.18156074255
1.97661657797
1.97406067061
1.97151287988
1.96897316706
1.96644149369
1.96391782156
1.96140211268
1.95889432932
1.95639443397
1.95390238936
1.95141815848
1.94894170452
1.94647299092
1.94401198133
1.94155863965
1.93911292999
1.93667481669
1.9342442643
1.93182123762
1.92940570163
1.92699762156
1.92459696283
1.92220369108
1.91981777218
1.91743917218
1.91506785737
1.91270379421
1.91034694941
1.90799728984
1.90565478261
1.903319395
1.75578001283
1.75387744183
1.7519800778
1.75008789933
1.7482008851
1.74631901392
1.74444226471
1.74257061652
1.74070404849
1.73884253989
1.7369860701
1.73513461861
1.73328816502
1.73144668905
1.72961017052
1.72777858935
1.72595192559
1.72413015938
1.72231327098
1.72050124075
1.71869404914
1.71689167674
1.7150941042
1.71330131232
1.71151328196
1.70972999412
1.70795142986
1.70617757038
1.70440839695
1.70264389095
