0.0535493941009
0.0535488539556
0.0535483138216
0.053547773699
0.0535472335877
0.0535466934878
0.0535461533993
0.0535456133222
0.0535450732564
0.0535445332019
0.0535439931589
0.0535434531272
0.0535429131069
0.0535423730979
0.0535418331003
0.053541293114
0.0535407531392
0.0535402131756
0.0535396732235
0.0535391332827
0.0535385933533
0.0535380534352
0.0535375135285
0.0535369736331
0.0535364337491
0.0535358938765
0.0535353540152
0.0535348141653
0.0535342743267
0.0535337344995
0.0535331946836
0.0534954357734
0.0534948967629
0.0534943577638
0.053493818776
0.0534932797995
0.0534927408343
0.0534922018805
0.053491662938
0.0534911240068
0.053490585087
0.0534900461785
0.0534895072813
0.0534889683954
0.0534884295209
0.0534878906577
0.0534873518058
0.0534868129652
0.053486274136
0.0534857353181
0.0534851965115
0.0534846577162
0.0534841189323
0.0534835801597
0.0534830413984
0.0534825026484
0.0534819639098
0.0534814251824
0.0534808864664
0.0534803477617
0.0534798090684
0.0534415907498
0.0534410528705
0.0534405150025
0.0534399771458
0.0534394393003
0.0534389014662
0.0534383636434
0.0534378258318
0.0534372880315
0.0534367502426
0.0534362124649
0.0534356746985
0.0534351369434
0.0534345991996
0.053434061467
0.0534335237458
0.0534329860359
0.0534324483372
0.0534319106498
0.0534313729737
0.0534308353089
0.0534302976554
0.0534297600132
0.0534292223822
0.0534286847626
0.0534281471542
0.0534276095571
0.0534270719713
0.0534265343968
0.0534259968335
0.0534254592816
0.0533878586597
0.0533873219078
0.0533867851673
0.0533862484379
0.0533857117199
0.0533851750131
0.0533846383175
0.0533841016332
0.0533835649601
0.0533830282983
0.0533824916478
0.0533819550085
0.0533814183805
0.0533808817637
0.0533803451581
0.0533798085639
0.0533792719808
0.053378735409
0.0533781988485
0.0533776622992
0.0533771257612
0.0533765892344
0.0533760527189
0.0533755162146
0.0533749797215
0.0533744432397
0.0533739067692
0.0533733703099
0.0533728338619
0.053372297425
0.0533342391342
0.0533337035062
0.0533331678894
0.0533326322838
0.0533320966894
0.0533315611062
0.0533310255343
0.0533304899735
0.053329954424
0.0533294188857
0.0533288833586
0.0533283478427
0.0533278123381
0.0533272768447
0.0533267413624
0.0533262058914
0.0533256704316
0.053325134983
0.0533245995457
0.0533240641195
0.0533235287046
0.0533229933009
0.0533224579083
0.053321922527
0.0533213871569
0.0533208517981
0.0533203164504
0.0533197811139
0.0533192457887
0.0533187104746
0.0533181751718
0.0532807318064
0.0532801972985
0.0532796628017
0.0532791283162
0.0532785938418
0.0532780593786
0.0532775249266
0.0532769904858
0.0532764560561
0.0532759216377
0.0532753872304
0.0532748528343
0.0532743184494
0.0532737840756
0.053273249713
0.0532727153616
0.0532721810214
0.0532716466924
0.0532711123745
0.0532705780678
0.0532700437723
0.053269509488
0.0532689752149
0.0532684409529
0.0532679067021
0.0532673724624
0.053266838234
0.0532663040167
0.0532657698106
0.0532652356156
