-4.93337801094
-4.99592966536
-5.05991871234
-5.12539529361
-5.19241191051
-5.26102356445
-5.3312879075
-5.40326540403
-5.47701950432
-5.55261683113
-5.63012738055
-5.70962473822
-5.79118631238
-5.87489358542
-5.96083238544
-6.0490931799
-6.13977139337
-6.23296775182
-6.32878865587
-6.42734658622
-6.52876054417
-6.63315653111
-6.74066807088
-6.85143677968
-6.96561298858
-7.0833564243
-7.20483695496
-7.33023540793
-7.45974446807
-7.59356966595
-7.73193046637
45.0855376523
41.3755933885
38.2364060067
35.5456704616
33.2136963865
31.1732160065
29.3727892584
27.7724072041
26.3404838399
25.0517503628
23.8857510752
22.8257494972
21.857919841
20.9707406169
20.1545337734
19.4011101901
18.7034939497
18.0557056942
17.452590805
16.8896819458
16.3630882108
15.8694050575
15.405640615
14.9691549975
14.5576100203
14.168927297
13.8012531316
13.452928954
13.122466304
12.8085255671
4.97585977585
4.93644453698
4.89772648815
4.85968728234
4.82230921069
4.78557517499
4.74946866159
4.71397371663
4.6790749225
4.64475737551
4.61100666466
4.57780885144
4.54515045064
4.51301841203
4.481400103
4.45028329198
4.41965613265
4.38950714886
4.35982522034
4.33059956898
4.30181974574
4.27347561826
4.24555735889
4.21805543334
4.19096058983
4.16426384869
4.13795649241
4.11203005619
4.0864763188
4.06128729391
4.03645522176
2.88255822347
2.87158673897
2.86071805252
2.84995072309
2.83928333644
2.82871450451
2.81824286485
2.80786707999
2.7975858369
2.78739784643
2.77730184273
2.7672965828
2.75738084591
2.74755343313
2.73781316686
2.72815889033
2.71858946715
2.70910378087
2.69970073455
2.69037925032
2.68113826898
2.67197674958
2.66289366905
2.6538880218
2.64495881938
2.63610509005
2.62732587852
2.61862024552
2.60998726752
2.60142603637
2.13392020581
2.12884980268
2.12381165135
2.1188054437
2.11383087554
2.10888764653
2.10397546012
2.09909402347
2.09424304743
2.08942224648
2.08463133862
2.07987004538
2.07513809173
2.07043520605
2.06576112003
2.06111556868
2.05649829025
2.05190902617
2.04734752102
2.04281352248
2.03830678126
2.0338270511
2.02937408869
2.02494765362
2.02054750836
2.01617341822
2.01182515127
2.00750247835
2.00320517298
1.99893301137
1.99468577234
1.74846352219
1.74554832535
1.74264713664
1.73975985456
1.7368863786
1.73402660923
1.73118044785
1.72834779684
1.72552855947
1.72272263995
1.71992994341
1.71715037587
1.71438384423
1.71163025629
1.70888952069
1.70616154695
1.70344624543
1.70074352733
1.69805330467
1.6953754903
1.69270999787
1.69005674184
1.68741563743
1.68478660069
1.68216954841
1.67956439814
1.6769710682
1.67438947765
1.67181954628
1.66926119463
