0.00952228608173
0.00952217692842
0.00952206777821
0.0095219586311
0.00952184948709
0.00952174034617
0.00952163120836
0.00952152207365
0.00952141294203
0.00952130381352
0.0095211946881
0.00952108556578
0.00952097644656
0.00952086733044
0.00952075821742
0.0095206491075
0.00952054000067
0.00952043089694
0.00952032179631
0.00952021269878
0.00952010360434
0.009519994513
0.00951988542476
0.00951977633962
0.00951966725757
0.00951955817862
0.00951944910276
0.00951934003
0.00951923096034
0.00951912189377
0.0095190128303
0.00951138607172
0.00951127722767
0.00951116838671
0.00951105954884
0.00951095071405
0.00951084188234
0.00951073305372
0.00951062422819
0.00951051540573
0.00951040658637
0.00951029777008
0.00951018895688
0.00951008014677
0.00950997133973
0.00950986253578
0.00950975373492
0.00950964493713
0.00950953614243
0.00950942735082
0.00950931856228
0.00950920977683
0.00950910099446
0.00950899221517
0.00950888343897
0.00950877466584
0.0095086658958
0.00950855712884
0.00950844836496
0.00950833960416
0.00950823084644
0.00950051691467
0.0095004083784
0.00950029984521
0.00950019131508
0.00950008278803
0.00949997426404
0.00949986574313
0.00949975722528
0.00949964871051
0.0094995401988
0.00949943169016
0.00949932318459
0.00949921468209
0.00949910618266
0.0094989976863
0.009498889193
0.00949878070278
0.00949867221562
0.00949856373153
0.0094984552505
0.00949834677255
0.00949823829766
0.00949812982584
0.00949802135709
0.0094979128914
0.00949780442879
0.00949769596923
0.00949758751275
0.00949747905933
0.00949737060898
0.00949726216169
0.00948967846233
0.00948957023236
0.00948946200546
0.0094893537816
0.00948924556081
0.00948913734306
0.00948902912838
0.00948892091674
0.00948881270817
0.00948870450264
0.00948859630018
0.00948848810076
0.0094883799044
0.00948827171109
0.00948816352084
0.00948805533364
0.0094879471495
0.00948783896841
0.00948773079037
0.00948762261538
0.00948751444345
0.00948740627457
0.00948729810874
0.00948718994597
0.00948708178625
0.00948697362958
0.00948686547596
0.00948675732539
0.00948664917788
0.00948654103342
0.00947887056746
0.00947876264233
0.00947865472024
0.00947854680119
0.00947843888519
0.00947833097222
0.0094782230623
0.00947811515541
0.00947800725157
0.00947789935076
0.00947779145299
0.00947768355827
0.00947757566658
0.00947746777794
0.00947735989233
0.00947725200976
0.00947714413023
0.00947703625374
0.00947692838029
0.00947682050987
0.0094767126425
0.00947660477816
0.00947649691686
0.0094763890586
0.00947628120338
0.00947617335119
0.00947606550204
0.00947595765593
0.00947584981286
0.00947574197282
0.00947563413582
0.00946809308384
0.00946798546209
0.00946787784336
0.00946777022766
0.00946766261499
0.00946755500535
0.00946744739872
0.00946733979513
0.00946723219456
0.00946712459702
0.0094670170025
0.009466909411
0.00946680182253
0.00946669423709
0.00946658665467
0.00946647907528
0.00946637149891
0.00946626392556
0.00946615635524
0.00946604878794
0.00946594122367
0.00946583366242
0.00946572610419
0.00946561854899
0.00946551099681
0.00946540344765
0.00946529590152
0.00946518835841
0.00946508081832
0.00946497328125
