0.790334487795
0.790285608785
0.790236775768
0.790187988547
0.790139246922
0.790090550696
0.790041899674
0.789993293662
0.789944732466
0.789896215895
0.789847743757
0.789799315864
0.789750932028
0.78970259206
0.789654295776
0.78960604299
0.789557833519
0.789509667181
0.789461543794
0.789413463179
0.789365425156
0.789317429548
0.789269476177
0.789221564869
0.789173695448
0.789125867742
0.789078081577
0.789030336783
0.788982633189
0.788934970627
0.788887348927
0.78564636513
0.785601271628
0.785556209178
0.785511177668
0.78546617699
0.785421207036
0.785376267697
0.785331358865
0.785286480435
0.785241632301
0.785196814355
0.785152026494
0.785107268614
0.785062540609
0.785017842378
0.784973173816
0.784928534823
0.784883925296
0.784839345135
0.784794794238
0.784750272506
0.784705779839
0.784661316139
0.784616881307
0.784572475245
0.784528097856
0.784483749043
0.784439428709
0.78439513676
0.784350873099
0.781275064989
0.781232617001
0.78119019152
0.781147788482
0.78110540782
0.78106304947
0.781020713367
0.780978399448
0.780936107647
0.780893837902
0.780851590149
0.780809364324
0.780767160367
0.780724978213
0.780682817801
0.780640679068
0.780598561955
0.780556466398
0.780514392337
0.780472339712
0.780430308462
0.780388298526
0.780346309846
0.780304342361
0.780262396013
0.780220470741
0.780178566489
0.780136683196
0.780094820805
0.780052979258
0.780011158498
0.777132190615
0.777091713416
0.777051253468
0.77701081073
0.776970385161
0.776929976718
0.776889585361
0.776849211049
0.776808853742
0.776768513397
0.776728189976
0.776687883437
0.776647593741
0.776607320847
0.776567064717
0.776526825309
0.776486602586
0.776446396506
0.776406207033
0.776366034125
0.776325877746
0.776285737855
0.776245614415
0.776205507387
0.776165416733
0.776125342415
0.776085284396
0.776045242637
0.776005217101
0.775965207751
0.773163754219
0.773124821106
0.773085901818
0.773046996327
0.773008104604
0.772969226623
0.772930362356
0.772891511774
0.772852674852
0.772813851561
0.772775041874
0.772736245764
0.772697463205
0.772658694169
0.772619938629
0.772581196559
0.772542467933
0.772503752723
0.772465050904
0.772426362449
0.772387687332
0.772349025527
0.772310377008
0.772271741748
0.772233119723
0.772194510906
0.772155915272
0.772117332795
0.772078763451
0.772040207212
0.772001664055
0.769334739027
0.769297065426
0.769259403307
0.769221752651
0.769184113437
0.769146485646
0.76910886926
0.769071264259
0.769033670623
0.768996088334
0.768958517372
0.768920957719
0.768883409356
0.768845872263
0.768808346422
0.768770831814
0.768733328421
0.768695836224
0.768658355204
0.768620885342
0.768583426621
0.768545979022
0.768508542527
0.768471117118
0.768433702775
0.768396299482
0.76835890722
0.76832152597
0.768284155716
0.768246796439
