0.415440074104
0.41543087488
0.415421676187
0.415412478026
0.415403280397
0.415394083298
0.415384886732
0.415375690696
0.415366495192
0.41535730022
0.415348105778
0.415338911868
0.415329718488
0.41532052564
0.415311333323
0.415302141536
0.41529295028
0.415283759556
0.415274569361
0.415265379698
0.415256190565
0.415247001963
0.415237813891
0.41522862635
0.415219439339
0.415210252858
0.415201066908
0.415191881488
0.415182696598
0.415173512238
0.415164328408
0.414522774018
0.414513627673
0.414504481855
0.414495336562
0.414486191795
0.414477047554
0.414467903838
0.414458760648
0.414449617984
0.414440475845
0.414431334232
0.414422193144
0.414413052581
0.414403912544
0.414394773032
0.414385634045
0.414376495583
0.414367357646
0.414358220234
0.414349083347
0.414339946985
0.414330811148
0.414321675835
0.414312541048
0.414303406784
0.414294273046
0.414285139832
0.414276007142
0.414266874977
0.414257743337
0.413610733602
0.413601639567
0.413592546052
0.413583453057
0.413574360583
0.413565268628
0.413556177194
0.413547086279
0.413537995885
0.41352890601
0.413519816655
0.41351072782
0.413501639505
0.413492551709
0.413483464433
0.413474377676
0.413465291439
0.413456205721
0.413447120522
0.413438035843
0.413428951683
0.413419868042
0.413410784921
0.413401702318
0.413392620234
0.41338353867
0.413374457624
0.413365377097
0.413356297089
0.4133472176
0.413338138629
0.412703896275
0.412694853988
0.412685812216
0.412676770959
0.412667730216
0.412658689988
0.412649650274
0.412640611074
0.412631572389
0.412622534218
0.412613496562
0.41260445942
0.412595422791
0.412586386677
0.412577351077
0.412568315991
0.412559281419
0.41255024736
0.412541213816
0.412532180785
0.412523148268
0.412514116264
0.412505084774
0.412496053798
0.412487023335
0.412477993385
0.412468963949
0.412459935026
0.412450906616
0.41244187872
0.411802206397
0.411793215307
0.411784224726
0.411775234655
0.411766245092
0.411757256038
0.411748267494
0.411739279458
0.411730291931
0.411721304914
0.411712318404
0.411703332404
0.411694346912
0.411685361929
0.411676377455
0.411667393489
0.411658410031
0.411649427082
0.411640444641
0.411631462708
0.411622481284
0.411613500368
0.41160451996
0.41159554006
0.411586560668
0.411577581784
0.411568603408
0.41155962554
0.41155064818
0.411541671327
0.411532694982
0.410905609248
0.410896668812
0.41088772888
0.410878789452
0.410869850527
0.410860912106
0.410851974189
0.410843036775
0.410834099864
0.410825163457
0.410816227554
0.410807292154
0.410798357257
0.410789422863
0.410780488973
0.410771555586
0.410762622701
0.41075369032
0.410744758442
0.410735827067
0.410726896194
0.410717965825
0.410709035958
0.410700106594
0.410691177733
0.410682249374
0.410673321517
0.410664394164
0.410655467312
0.410646540963
