16.0497992245
16.0339332995
16.0181110014
16.0023321469
15.9865965536
15.9709040404
15.955254427
15.939647534
15.9240831832
15.9085611973
15.8930814001
15.8776436161
15.8622476712
15.8468933919
15.8315806057
15.8163091412
15.8010788279
15.7858894963
15.7707409775
15.755633104
15.7405657089
15.7255386263
15.7105516912
15.6956047395
15.680697608
15.6658301345
15.6510021574
15.6362135163
15.6214640515
15.6067536041
15.5920820162
14.6530650143
14.6407961138
14.6285566277
14.6163464477
14.604165466
14.5920135753
14.579890669
14.5677966406
14.5557313846
14.5436947956
14.5316867691
14.5197072009
14.5077559873
14.495833025
14.4839382116
14.4720714447
14.4602326227
14.4484216445
14.4366384093
14.424882817
14.4131547678
14.4014541625
14.3897809022
14.3781348888
14.3665160244
14.3549242116
14.3433593536
14.3318213539
14.3203101166
14.3088255461
13.5561244468
13.5463355512
13.5365674232
13.526819995
13.5170931987
13.5073869668
13.4977012322
13.4880359279
13.4783909873
13.4687663442
13.4591619326
13.4495776866
13.4400135409
13.4304694302
13.4209452898
13.4114410549
13.4019566613
13.392492045
13.3830471421
13.3736218891
13.3642162229
13.3548300805
13.3454633991
13.3361161165
13.3267881704
13.317479499
13.3081900406
13.2989197339
13.2896685179
13.2804363316
13.2712231145
12.6700849729
12.6620783932
12.6540870217
12.6461108134
12.6381497237
12.630203708
12.622272722
12.6143567214
12.6064556624
12.5985695009
12.5906981934
12.5828416963
12.5749999663
12.5671729603
12.5593606352
12.5515629483
12.5437798569
12.5360113184
12.5282572906
12.5205177313
12.5127925986
12.5050818504
12.4973854453
12.4897033416
12.4820354981
12.4743818735
12.4667424269
12.4591171172
12.4515059039
12.4439087463
11.9380825324
11.9314001098
11.9247291592
11.91806965
11.9114215514
11.9047848328
11.8981594638
11.891545414
11.8849426532
11.8783511512
11.871770878
11.8652018037
11.8586438985
11.8520971326
11.8455614765
11.8390369006
11.8325233756
11.8260208721
11.8195293611
11.8130488133
11.8065791999
11.8001204919
11.7936726606
11.7872356773
11.7808095134
11.7743941404
11.76798953
11.761595654
11.755212484
11.7488399921
11.7424781503
11.3220468398
11.3163753102
11.3107126497
11.3050588364
11.2994138486
11.2937776646
11.2881502627
11.2825316216
11.2769217196
11.2713205354
11.2657280476
11.2601442351
11.2545690767
11.2490025511
11.2434446374
11.2378953146
11.2323545618
11.2268223582
11.2212986829
11.2157835153
11.2102768347
11.2047786205
11.1992888523
11.1938075097
11.1883345721
11.1828700194
11.1774138313
11.1719659876
11.1665264683
11.1610952531
