0.0964727394056
0.0963865320696
0.0963005620734
0.0962148284285
0.0961293301517
0.0960440662652
0.0959590357969
0.0958742377797
0.0957896712522
0.0957053352579
0.095621228846
0.0955373510706
0.095453700991
0.0953702776719
0.095287080183
0.0952041075988
0.0951213589994
0.0950388334694
0.0949565300987
0.0948744479819
0.0947925862189
0.094710943914
0.0946295201767
0.0945483141211
0.0944673248663
0.094386551536
0.0943059932586
0.0942256491672
0.0941455183996
0.0940656000983
0.0939858934102
0.0888859565899
0.0888193480374
0.0887529000103
0.0886866119217
0.0886204831872
0.0885545132256
0.0884887014584
0.0884230473099
0.0883575502071
0.0882922095799
0.0882270248609
0.0881619954855
0.0880971208918
0.0880324005206
0.0879678338153
0.0879034202222
0.0878391591899
0.0877750501701
0.0877110926167
0.0876472859866
0.0875836297389
0.0875201233356
0.0874567662411
0.0873935579225
0.0873304978491
0.0872675854932
0.0872048203292
0.0871422018342
0.0870797294877
0.0870174027717
0.0829348187812
0.0828817595935
0.0828288139985
0.0827759816261
0.0827232621078
0.0826706550764
0.0826181601667
0.0825657770148
0.0825135052584
0.0824613445369
0.0824092944912
0.0823573547637
0.0823055249983
0.0822538048406
0.0822021939375
0.0821506919377
0.0820992984911
0.0820480132493
0.0819968358654
0.0819457659937
0.0818948032904
0.0818439474129
0.0817931980201
0.0817425547724
0.0816920173315
0.0816415853608
0.0815912585248
0.0815410364898
0.0814909189232
0.0814409054939
0.0813909958722
0.0781370331543
0.0780937303778
0.0780505109171
0.0780073745273
0.0779643209644
0.0779213499857
0.0778784613489
0.0778356548133
0.0777929301385
0.0777502870855
0.077707725416
0.0776652448927
0.0776228452792
0.07758052634
0.0775382878407
0.0774961295474
0.0774540512276
0.0774120526494
0.0773701335817
0.0773282937947
0.077286533059
0.0772448511464
0.0772032478295
0.0771617228818
0.0771202760776
0.0770789071921
0.0770376160014
0.0769964022824
0.0769552658129
0.0769142063716
0.0741830136789
0.0741469690258
0.0741109872877
0.0740750682963
0.0740392118838
0.0740034178832
0.0739676861278
0.0739320164517
0.0738964086895
0.0738608626765
0.0738253782483
0.0737899552415
0.0737545934929
0.0737192928401
0.0736840531212
0.0736488741749
0.0736137558405
0.0735786979577
0.073543700367
0.0735087629093
0.0734738854261
0.0734390677595
0.0734043097521
0.073369611247
0.073334972088
0.0733003921194
0.0732658711859
0.073231409133
0.0731970058064
0.0731626610527
0.0731283747189
0.070864925235
0.0708344263666
0.0708039761689
0.0707735745223
0.0707432213076
0.0707129164061
0.0706826596995
0.0706524510697
0.0706222903992
0.0705921775708
0.0705621124677
0.0705320949735
0.0705021249719
0.0704722023475
0.0704423269849
0.0704124987691
0.0703827175856
0.0703529833203
0.0703232958592
0.0702936550889
0.0702640608964
0.0702345131689
0.0702050117941
0.07017555666
0.070146147655
0.0701167846677
0.0700874675873
0.0700581963033
0.0700289707053
0.0699997906837
