0.0170251332931
0.0170250264494
0.0170249196103
0.0170248127756
0.0170247059455
0.0170245991198
0.0170244922986
0.017024385482
0.0170242786698
0.0170241718622
0.017024065059
0.0170239582603
0.0170238514662
0.0170237446765
0.0170236378913
0.0170235311106
0.0170234243344
0.0170233175626
0.0170232107954
0.0170231040326
0.0170229972744
0.0170228905206
0.0170227837713
0.0170226770265
0.0170225702861
0.0170224635502
0.0170223568189
0.017022250092
0.0170221433695
0.0170220366516
0.0170219299381
0.0170144710509
0.0170143646524
0.0170142582583
0.0170141518687
0.0170140454834
0.0170139391025
0.017013832726
0.0170137263539
0.0170136199862
0.0170135136229
0.017013407264
0.0170133009095
0.0170131945594
0.0170130882137
0.0170129818723
0.0170128755353
0.0170127692028
0.0170126628746
0.0170125565508
0.0170124502313
0.0170123439163
0.0170122376056
0.0170121312993
0.0170120249974
0.0170119186999
0.0170118124067
0.0170117061179
0.0170115998335
0.0170114935535
0.0170113872778
0.0170038528187
0.0170037468552
0.017003640896
0.0170035349411
0.0170034289905
0.0170033230442
0.0170032171022
0.0170031111645
0.0170030052311
0.0170028993019
0.0170027933771
0.0170026874566
0.0170025815403
0.0170024756283
0.0170023697207
0.0170022638173
0.0170021579182
0.0170020520233
0.0170019461328
0.0170018402466
0.0170017343646
0.0170016284869
0.0170015226135
0.0170014167443
0.0170013108795
0.0170012050189
0.0170010991626
0.0170009933106
0.0170008874628
0.0170007816194
0.0170006757801
0.0169932775944
0.016993172056
0.0169930665219
0.0169929609919
0.0169928554662
0.0169927499447
0.0169926444273
0.0169925389142
0.0169924334052
0.0169923279005
0.0169922223999
0.0169921169036
0.0169920114114
0.0169919059235
0.0169918004397
0.0169916949601
0.0169915894847
0.0169914840135
0.0169913785465
0.0169912730836
0.016991167625
0.0169910621705
0.0169909567203
0.0169908512742
0.0169907458323
0.0169906403945
0.016990534961
0.0169904295316
0.0169903241064
0.0169902186854
0.0169827444146
0.0169826392919
0.0169825341734
0.016982429059
0.0169823239487
0.0169822188425
0.0169821137404
0.0169820086424
0.0169819035485
0.0169817984587
0.0169816933731
0.0169815882915
0.016981483214
0.0169813781407
0.0169812730714
0.0169811680062
0.0169810629451
0.0169809578882
0.0169808528353
0.0169807477865
0.0169806427418
0.0169805377012
0.0169804326647
0.0169803276323
0.016980222604
0.0169801175798
0.0169800125596
0.0169799075436
0.0169798025316
0.0169796975237
0.0169795925199
0.0169722523532
0.0169721476372
0.0169720429252
0.0169719382172
0.0169718335133
0.0169717288133
0.0169716241174
0.0169715194255
0.0169714147377
0.0169713100538
0.0169712053739
0.0169711006981
0.0169709960263
0.0169708913585
0.0169707866947
0.0169706820349
0.0169705773791
0.0169704727274
0.0169703680796
0.0169702634358
0.0169701587961
0.0169700541604
0.0169699495286
0.0169698449009
0.0169697402772
0.0169696356574
0.0169695310417
0.01696942643
0.0169693218222
0.0169692172185
