0.597126541574
0.597119863569
0.597113185713
0.597106508007
0.597099830451
0.597093153045
0.597086475788
0.597079798682
0.597073121725
0.597066444918
0.59705976826
0.597053091753
0.597046415395
0.597039739187
0.597033063129
0.59702638722
0.597019711461
0.597013035852
0.597006360393
0.596999685083
0.596993009923
0.596986334913
0.596979660053
0.596972985342
0.596966310781
0.596959636369
0.596952962108
0.596946287996
0.596939614033
0.596932940221
0.596926266558
0.596459481774
0.596452818724
0.596446155824
0.596439493073
0.596432830472
0.596426168019
0.596419505717
0.596412843563
0.596406181559
0.596399519703
0.596392857998
0.596386196441
0.596379535034
0.596372873776
0.596366212667
0.596359551707
0.596352890897
0.596346230236
0.596339569724
0.596332909361
0.596326249148
0.596319589083
0.596312929168
0.596306269403
0.596299609786
0.596292950318
0.596286291
0.596279631831
0.596272972811
0.59626631394
0.595793915083
0.59578726694
0.595780618945
0.595773971099
0.595767323401
0.595760675853
0.595754028453
0.595747381202
0.5957407341
0.595734087146
0.595727440342
0.595720793686
0.595714147179
0.59570750082
0.595700854611
0.59569420855
0.595687562638
0.595680916874
0.595674271259
0.595667625793
0.595660980476
0.595654335307
0.595647690288
0.595641045416
0.595634400694
0.59562775612
0.595621111695
0.595614467419
0.595607823291
0.595601179312
0.595594535481
0.595129836481
0.595123203193
0.595116570053
0.595109937061
0.595103304218
0.595096671523
0.595090038977
0.595083406578
0.595076774328
0.595070142226
0.595063510273
0.595056878467
0.59505024681
0.595043615302
0.595036983941
0.595030352729
0.595023721665
0.595017090749
0.595010459981
0.595003829362
0.594997198891
0.594990568568
0.594983938393
0.594977308366
0.594970678488
0.594964048758
0.594957419176
0.594950789742
0.594944160456
0.594937531319
0.594467240967
0.594460622484
0.59445400415
0.594447385963
0.594440767924
0.594434150033
0.594427532289
0.594420914694
0.594414297246
0.594407679946
0.594401062793
0.594394445789
0.594387828932
0.594381212223
0.594374595662
0.594367979248
0.594361362982
0.594354746864
0.594348130894
0.594341515071
0.594334899396
0.594328283869
0.594321668489
0.594315053257
0.594308438173
0.594301823237
0.594295208448
0.594288593807
0.594281979314
0.594275364968
0.59426875077
0.593806123563
0.593799519837
0.593792916258
0.593786312826
0.593779709542
0.593773106405
0.593766503415
0.593759900572
0.593753297877
0.593746695329
0.593740092928
0.593733490675
0.593726888569
0.59372028661
0.593713684798
0.593707083134
0.593700481616
0.593693880246
0.593687279024
0.593680677948
0.59367407702
0.593667476239
0.593660875605
0.593654275118
0.593647674779
0.593641074586
0.593634474541
0.593627874643
0.593621274893
0.593614675289
