0.858527418182
0.85847398224
0.858420554366
0.858367134559
0.858313722815
0.858260319134
0.858206923513
0.858153535949
0.858100156442
0.858046784988
0.857993421587
0.857940066234
0.85788671893
0.857833379671
0.857780048455
0.857726725281
0.857673410147
0.857620103049
0.857566803987
0.857513512958
0.85746022996
0.857406954991
0.857353688049
0.857300429132
0.857247178238
0.857193935364
0.857140700509
0.857087473671
0.857034254848
0.856981044037
0.856927841237
0.85322342956
0.853170790299
0.853118158902
0.853065535369
0.853012919695
0.85296031188
0.852907711922
0.852855119818
0.852802535567
0.852749959166
0.852697390614
0.852644829908
0.852592277047
0.852539732028
0.85248719485
0.85243466551
0.852382144007
0.852329630338
0.852277124502
0.852224626497
0.85217213632
0.85211965397
0.852067179445
0.852014712742
0.85196225386
0.851909802796
0.85185735955
0.851804924117
0.851752496498
0.851700076689
0.847998112113
0.847946249516
0.847894394588
0.847842547326
0.847790707728
0.847738875792
0.847687051516
0.847635234899
0.847583425939
0.847531624632
0.847479830979
0.847428044976
0.847376266622
0.847324495915
0.847272732852
0.847220977433
0.847169229655
0.847117489516
0.847065757014
0.847014032147
0.846962314914
0.846910605313
0.846858903341
0.846807208996
0.846755522277
0.846703843183
0.84665217171
0.846600507857
0.846548851622
0.846497203003
0.846445561999
0.842849499993
0.842798394762
0.84274729701
0.842696206735
0.842645123935
0.842594048607
0.842542980751
0.842491920364
0.842440867444
0.84238982199
0.842338783999
0.84228775347
0.842236730402
0.842185714791
0.842134706637
0.842083705937
0.842032712689
0.841981726892
0.841930748545
0.841879777644
0.841828814188
0.841777858176
0.841726909605
0.841675968473
0.84162503478
0.841574108522
0.841523189699
0.841472278307
0.841421374346
0.841370477814
0.837775697484
0.837725331006
0.837674971823
0.837624619933
0.837574275337
0.83752393803
0.837473608012
0.837423285281
0.837372969834
0.837322661671
0.83727236079
0.837222067188
0.837171780864
0.837121501815
0.837071230042
0.83702096554
0.836970708309
0.836920458348
0.836870215653
0.836819980223
0.836769752057
0.836719531153
0.836669317509
0.836619111123
0.836568911993
0.836518720118
0.836468535496
0.836418358125
0.836368188004
0.836318025129
0.836267869501
0.832774875764
0.832725230076
0.832675591508
0.832625960057
0.832576335721
0.8325267185
0.832477108392
0.832427505394
0.832377909505
0.832328320723
0.832278739047
0.832229164474
0.832179597004
0.832130036633
0.832080483362
0.832030937187
0.831981398107
0.831931866121
0.831882341227
0.831832823422
0.831783312706
0.831733809076
0.831684312531
0.831634823069
0.831585340688
0.831535865387
0.831486397164
0.831436936018
0.831387481945
0.831338034946
