0.0926847997268
0.0926801080213
0.0926754170953
0.0926707269487
0.0926660375812
0.0926613489926
0.0926566611827
0.0926519741512
0.0926472878981
0.092642602423
0.0926379177257
0.092633233806
0.0926285506637
0.0926238682986
0.0926191867105
0.0926145058991
0.0926098258643
0.0926051466057
0.0926004681233
0.0925957904168
0.0925911134859
0.0925864373305
0.0925817619503
0.0925770873452
0.0925724135148
0.0925677404591
0.0925630681777
0.0925583966706
0.0925537259373
0.0925490559778
0.0925443867918
0.09221945327
0.0922148384608
0.0922102244099
0.092205611117
0.0922009985821
0.0921963868048
0.0921917757849
0.0921871655223
0.0921825560167
0.0921779472679
0.0921733392758
0.0921687320401
0.0921641255606
0.0921595198371
0.0921549148693
0.0921503106572
0.0921457072004
0.0921411044988
0.0921365025522
0.0921319013603
0.0921273009229
0.0921227012399
0.092118102311
0.092113504136
0.0921089067147
0.092104310047
0.0920997141325
0.0920951189712
0.0920905245627
0.0920859309069
0.0917616924334
0.0917571524325
0.0917526131695
0.091748074644
0.0917435368559
0.0917389998051
0.0917344634912
0.0917299279142
0.0917253930737
0.0917208589696
0.0917163256017
0.0917117929699
0.0917072610738
0.0917027299133
0.0916981994882
0.0916936697983
0.0916891408434
0.0916846126233
0.0916800851378
0.0916755583867
0.0916710323698
0.0916665070869
0.0916619825378
0.0916574587223
0.0916529356401
0.0916484132912
0.0916438916753
0.0916393707922
0.0916348506417
0.0916303312235
0.0916258125376
0.0913113122629
0.0913068450594
0.091302378574
0.0912979128065
0.0912934477567
0.0912889834243
0.0912845198093
0.0912800569113
0.0912755947303
0.091271133266
0.0912666725182
0.0912622124867
0.0912577531714
0.091253294572
0.0912488366884
0.0912443795203
0.0912399230676
0.0912354673301
0.0912310123075
0.0912265579998
0.0912221044066
0.0912176515278
0.0912131993633
0.0912087479127
0.091204297176
0.091199847153
0.0911953978433
0.0911909492469
0.0911865013636
0.0911820541932
0.0908681153312
0.0908637189877
0.0908593233433
0.0908549283977
0.0908505341508
0.0908461406024
0.0908417477523
0.0908373556003
0.0908329641463
0.09082857339
0.0908241833313
0.09081979397
0.0908154053058
0.0908110173387
0.0908066300684
0.0908022434947
0.0907978576174
0.0907934724365
0.0907890879516
0.0907847041626
0.0907803210693
0.0907759386715
0.090771556969
0.0907671759617
0.0907627956494
0.0907584160319
0.0907540371089
0.0907496588804
0.0907452813461
0.0907409045058
0.0907365283594
0.0904319113922
0.0904275840413
0.0904232573711
0.0904189313815
0.0904146060723
0.0904102814433
0.0904059574942
0.090401634225
0.0903973116355
0.0903929897254
0.0903886684945
0.0903843479428
0.0903800280701
0.090375708876
0.0903713903606
0.0903670725235
0.0903627553647
0.0903584388839
0.0903541230809
0.0903498079556
0.0903454935078
0.0903411797374
0.090336866644
0.0903325542276
0.0903282424881
0.0903239314251
0.0903196210385
0.0903153113282
0.0903110022939
0.0903066939356
