482	20150301	408523.928571	20135584.9286	3.0	3.0
449	20150302	408523.928571	20135584.9286	3.0	3.0
474	20150303	408523.928571	20135584.9286	3.0	3.0
458	20150304	408523.928571	20135584.9286	3.0	3.0
398	20150305	408523.928571	20135584.9286	3.0	3.0
415	20150306	408523.928571	20135584.9286	3.0	3.0
550	20150307	408523.928571	20135584.9286	3.0	3.0
453	20150308	408523.928571	20135584.9286	3.0	3.0
411	20150309	408523.928571	20135584.9286	3.0	3.0
481	20150310	408523.928571	20135584.9286	3.0	3.0
569	20150311	408523.928571	20135584.9286	3.0	3.0
725	20150312	408523.928571	20135584.9286	3.0	3.0
692	20150313	408523.928571	20135584.9286	3.0	3.0
558	20150314	408523.928571	20135584.9286	3.0	3.0
791	20150315	408523.928571	20135584.9286	3.0	3.0
594	20150316	408523.928571	20135584.9286	3.0	3.0
644	20150317	408523.928571	20135584.9286	3.0	3.0
423	20150318	408523.928571	20135584.9286	3.0	3.0
433	20150319	408523.928571	20135584.9286	3.0	3.0
392	20150320	408523.928571	20135584.9286	3.0	3.0
635	20150321	408523.928571	20135584.9286	3.0	3.0
759	20150322	408523.928571	20135584.9286	3.0	3.0
647	20150323	408523.928571	20135584.9286	3.0	3.0
594	20150324	408523.928571	20135584.9286	3.0	3.0
737	20150325	408523.928571	20135584.9286	3.0	3.0
633	20150326	408523.928571	20135584.9286	3.0	3.0
746	20150327	408523.928571	20135584.9286	3.0	3.0
575	20150328	408523.928571	20135584.9286	3.0	3.0
713	20150329	408523.928571	20135584.9286	3.0	3.0
779	20150330	408523.928571	20135584.9286	3.0	3.0
701	20150331	408523.928571	20135584.9286	3.0	3.0
731	20150401	408523.928571	20135584.9286	3.0	3.0
954	20150402	408523.928571	20135584.9286	3.0	3.0
774	20150403	408523.928571	20135584.9286	3.0	3.0
668	20150404	408523.928571	20135584.9286	3.0	3.0
622	20150405	408523.928571	20135584.9286	3.0	3.0
671	20150406	408523.928571	20135584.9286	3.0	3.0
718	20150407	408523.928571	20135584.9286	3.0	3.0
802	20150408	408523.928571	20135584.9286	3.0	3.0
882	20150409	408523.928571	20135584.9286	3.0	3.0
892	20150410	408523.928571	20135584.9286	3.0	3.0
900	20150411	408523.928571	20135584.9286	3.0	3.0
985	20150412	408523.928571	20135584.9286	3.0	3.0
692	20150413	408523.928571	20135584.9286	3.0	3.0
691	20150414	408523.928571	20135584.9286	3.0	3.0
664	20150415	408523.928571	20135584.9286	3.0	3.0
854	20150416	408523.928571	20135584.9286	3.0	3.0
774	20150417	408523.928571	20135584.9286	3.0	3.0
810	20150418	408523.928571	20135584.9286	3.0	3.0
811	20150419	408523.928571	20135584.9286	3.0	3.0
697	20150420	408523.928571	20135584.9286	3.0	3.0
882	20150421	408523.928571	20135584.9286	3.0	3.0
890	20150422	408523.928571	20135584.9286	3.0	3.0
704	20150423	408523.928571	20135584.9286	3.0	3.0
795	20150424	408523.928571	20135584.9286	3.0	3.0
614	20150425	408523.928571	20135584.9286	3.0	3.0
661	20150426	408523.928571	20135584.9286	3.0	3.0
633	20150427	408523.928571	20135584.9286	3.0	3.0
619	20150428	408523.928571	20135584.9286	3.0	3.0
620	20150429	408523.928571	20135584.9286	3.0	3.0
590	20150430	408523.928571	20135584.9286	3.0	3.0
492	20150501	408523.928571	20135584.9286	3.0	3.0
477	20150502	408523.928571	20135584.9286	3.0	3.0
547	20150503	408523.928571	20135584.9286	3.0	3.0
528	20150504	408523.928571	20135584.9286	3.0	3.0
476	20150505	408523.928571	20135584.9286	3.0	3.0
580	20150506	408523.928571	20135584.9286	3.0	3.0
548	20150507	408523.928571	20135584.9286	3.0	3.0
461	20150508	408523.928571	20135584.9286	3.0	3.0
474	20150509	408523.928571	20135584.9286	3.0	3.0
422	20150510	408523.928571	20135584.9286	3.0	3.0
414	20150511	408523.928571	20135584.9286	3.0	3.0
520	20150512	408523.928571	20135584.9286	3.0	3.0
532	20150513	408523.928571	20135584.9286	3.0	3.0
744	20150514	408523.928571	20135584.9286	3.0	3.0
705	20150515	408523.928571	20135584.9286	3.0	3.0
619	20150516	408523.928571	20135584.9286	3.0	3.0
633	20150517	408523.928571	20135584.9286	3.0	3.0
507	20150518	408523.928571	20135584.9286	3.0	3.0
492	20150519	408523.928571	20135584.9286	3.0	3.0
540	20150520	408523.928571	20135584.9286	3.0	3.0
460	20150521	408523.928571	20135584.9286	3.0	3.0
624	20150522	408523.928571	20135584.9286	3.0	3.0
445	20150523	408523.928571	20135584.9286	3.0	3.0
426	20150524	408523.928571	20135584.9286	3.0	3.0
467	20150525	408523.928571	20135584.9286	3.0	3.0
562	20150526	408523.928571	20135584.9286	3.0	3.0
376	20150527	408523.928571	20135584.9286	3.0	3.0
447	20150528	408523.928571	20135584.9286	3.0	3.0
461	20150529	408523.928571	20135584.9286	3.0	3.0
457	20150530	408523.928571	20135584.9286	3.0	3.0
437	20150531	408523.928571	20135584.9286	3.0	3.0
505	20150601	408523.928571	20135584.9286	3.0	3.0
424	20150602	408523.928571	20135584.9286	3.0	3.0
443	20150603	408523.928571	20135584.9286	3.0	3.0
465	20150604	408523.928571	20135584.9286	3.0	3.0
453	20150605	408523.928571	20135584.9286	3.0	3.0
370	20150606	408523.928571	20135584.9286	3.0	3.0
410	20150607	408523.928571	20135584.9286	3.0	3.0
471	20150608	408523.928571	20135584.9286	3.0	3.0
553	20150609	408523.928571	20135584.9286	3.0	3.0
420	20150610	408523.928571	20135584.9286	3.0	3.0
488	20150611	408523.928571	20135584.9286	3.0	3.0
412	20150612	408523.928571	20135584.9286	3.0	3.0
395	20150613	408523.928571	20135584.9286	3.0	3.0
400	20150614	408523.928571	20135584.9286	3.0	3.0
413	20150615	408523.928571	20135584.9286	3.0	3.0
323	20150616	408523.928571	20135584.9286	3.0	3.0
471	20150617	408523.928571	20135584.9286	3.0	3.0
432	20150618	408523.928571	20135584.9286	3.0	3.0
397	20150619	408523.928571	20135584.9286	3.0	3.0
390	20150620	408523.928571	20135584.9286	3.0	3.0
515	20150621	408523.928571	20135584.9286	3.0	3.0
382	20150622	408523.928571	20135584.9286	3.0	3.0
412	20150623	408523.928571	20135584.9286	3.0	3.0
522	20150624	408523.928571	20135584.9286	3.0	3.0
456	20150625	408523.928571	20135584.9286	3.0	3.0
455	20150626	408523.928571	20135584.9286	3.0	3.0
402	20150627	408523.928571	20135584.9286	3.0	3.0
395	20150628	408523.928571	20135584.9286	3.0	3.0
415	20150629	408523.928571	20135584.9286	3.0	3.0
414	20150630	408523.928571	20135584.9286	3.0	3.0
440	20150701	408523.928571	20135584.9286	3.0	3.0
571	20150702	408523.928571	20135584.9286	3.0	3.0
376	20150703	408523.928571	20135584.9286	3.0	3.0
383	20150704	408523.928571	20135584.9286	3.0	3.0
429	20150705	408523.928571	20135584.9286	3.0	3.0
455	20150706	408523.928571	20135584.9286	3.0	3.0
434	20150707	408523.928571	20135584.9286	3.0	3.0
402	20150708	408523.928571	20135584.9286	3.0	3.0
433	20150709	408523.928571	20135584.9286	3.0	3.0
323	20150710	408523.928571	20135584.9286	3.0	3.0
417	20150711	408523.928571	20135584.9286	3.0	3.0
406	20150712	408523.928571	20135584.9286	3.0	3.0
413	20150713	408523.928571	20135584.9286	3.0	3.0
498	20150714	408523.928571	20135584.9286	3.0	3.0
436	20150715	408523.928571	20135584.9286	3.0	3.0
465	20150716	408523.928571	20135584.9286	3.0	3.0
564	20150717	408523.928571	20135584.9286	3.0	3.0
350	20150718	408523.928571	20135584.9286	3.0	3.0
351	20150719	408523.928571	20135584.9286	3.0	3.0
341	20150720	408523.928571	20135584.9286	3.0	3.0
280	20150721	408523.928571	20135584.9286	3.0	3.0
357	20150722	408523.928571	20135584.9286	3.0	3.0
407	20150723	408523.928571	20135584.9286	3.0	3.0
372	20150724	408523.928571	20135584.9286	3.0	3.0
329	20150725	408523.928571	20135584.9286	3.0	3.0
385	20150726	408523.928571	20135584.9286	3.0	3.0
393	20150727	408523.928571	20135584.9286	3.0	3.0
424	20150728	408523.928571	20135584.9286	3.0	3.0
417	20150729	408523.928571	20135584.9286	3.0	3.0
591	20150730	408523.928571	20135584.9286	3.0	3.0
536	20150731	408523.928571	20135584.9286	3.0	3.0
530	20150801	408523.928571	20135584.9286	3.0	3.0
407	20150802	408523.928571	20135584.9286	3.0	3.0
479	20150803	408523.928571	20135584.9286	3.0	3.0
665	20150804	408523.928571	20135584.9286	3.0	3.0
449	20150805	408523.928571	20135584.9286	3.0	3.0
609	20150806	408523.928571	20135584.9286	3.0	3.0
526	20150807	408523.928571	20135584.9286	3.0	3.0
425	20150808	408523.928571	20135584.9286	3.0	3.0
483	20150809	408523.928571	20135584.9286	3.0	3.0
454	20150810	408523.928571	20135584.9286	3.0	3.0
484	20150811	408523.928571	20135584.9286	3.0	3.0
390	20150812	408523.928571	20135584.9286	3.0	3.0
407	20150813	408523.928571	20135584.9286	3.0	3.0
517	20150814	408523.928571	20135584.9286	3.0	3.0
359	20150815	408523.928571	20135584.9286	3.0	3.0
394	20150816	408523.928571	20135584.9286	3.0	3.0
398	20150817	408523.928571	20135584.9286	3.0	3.0
443	20150818	408523.928571	20135584.9286	3.0	3.0
541	20150819	408523.928571	20135584.9286	3.0	3.0
529	20150820	408523.928571	20135584.9286	3.0	3.0
469	20150821	408523.928571	20135584.9286	3.0	3.0
430	20150822	408523.928571	20135584.9286	3.0	3.0
394	20150823	408523.928571	20135584.9286	3.0	3.0
476	20150824	408523.928571	20135584.9286	3.0	3.0
516	20150825	408523.928571	20135584.9286	3.0	3.0
340	20150826	408523.928571	20135584.9286	3.0	3.0
443	20150827	408523.928571	20135584.9286	3.0	3.0
414	20150828	408523.928571	20135584.9286	3.0	3.0
403	20150829	408523.928571	20135584.9286	3.0	3.0
454	20150830	408523.928571	20135584.9286	3.0	3.0
