101	20150301	32667.4925373	20105165.8433	2.0	3.0
71	20150302	32667.4925373	20105165.8433	2.0	3.0
73	20150303	32667.4925373	20105165.8433	2.0	3.0
181	20150304	32667.4925373	20105165.8433	2.0	3.0
251	20150305	32667.4925373	20105165.8433	2.0	3.0
116	20150306	32667.4925373	20105165.8433	2.0	3.0
146	20150307	32667.4925373	20105165.8433	2.0	3.0
153	20150308	32667.4925373	20105165.8433	2.0	3.0
99	20150309	32667.4925373	20105165.8433	2.0	3.0
102	20150310	32667.4925373	20105165.8433	2.0	3.0
94	20150311	32667.4925373	20105165.8433	2.0	3.0
112	20150312	32667.4925373	20105165.8433	2.0	3.0
97	20150313	32667.4925373	20105165.8433	2.0	3.0
173	20150314	32667.4925373	20105165.8433	2.0	3.0
165	20150315	32667.4925373	20105165.8433	2.0	3.0
111	20150316	32667.4925373	20105165.8433	2.0	3.0
131	20150317	32667.4925373	20105165.8433	2.0	3.0
229	20150318	32667.4925373	20105165.8433	2.0	3.0
127	20150319	32667.4925373	20105165.8433	2.0	3.0
189	20150320	32667.4925373	20105165.8433	2.0	3.0
153	20150321	32667.4925373	20105165.8433	2.0	3.0
205	20150322	32667.4925373	20105165.8433	2.0	3.0
149	20150323	32667.4925373	20105165.8433	2.0	3.0
122	20150324	32667.4925373	20105165.8433	2.0	3.0
133	20150325	32667.4925373	20105165.8433	2.0	3.0
191	20150326	32667.4925373	20105165.8433	2.0	3.0
205	20150327	32667.4925373	20105165.8433	2.0	3.0
387	20150328	32667.4925373	20105165.8433	2.0	3.0
214	20150329	32667.4925373	20105165.8433	2.0	3.0
292	20150330	32667.4925373	20105165.8433	2.0	3.0
218	20150331	32667.4925373	20105165.8433	2.0	3.0
172	20150401	32667.4925373	20105165.8433	2.0	3.0
200	20150402	32667.4925373	20105165.8433	2.0	3.0
228	20150403	32667.4925373	20105165.8433	2.0	3.0
241	20150404	32667.4925373	20105165.8433	2.0	3.0
190	20150405	32667.4925373	20105165.8433	2.0	3.0
285	20150406	32667.4925373	20105165.8433	2.0	3.0
192	20150407	32667.4925373	20105165.8433	2.0	3.0
242	20150408	32667.4925373	20105165.8433	2.0	3.0
267	20150409	32667.4925373	20105165.8433	2.0	3.0
336	20150410	32667.4925373	20105165.8433	2.0	3.0
484	20150411	32667.4925373	20105165.8433	2.0	3.0
438	20150412	32667.4925373	20105165.8433	2.0	3.0
743	20150413	32667.4925373	20105165.8433	2.0	3.0
386	20150414	32667.4925373	20105165.8433	2.0	3.0
533	20150415	32667.4925373	20105165.8433	2.0	3.0
317	20150416	32667.4925373	20105165.8433	2.0	3.0
435	20150417	32667.4925373	20105165.8433	2.0	3.0
233	20150418	32667.4925373	20105165.8433	2.0	3.0
344	20150419	32667.4925373	20105165.8433	2.0	3.0
475	20150420	32667.4925373	20105165.8433	2.0	3.0
340	20150421	32667.4925373	20105165.8433	2.0	3.0
379	20150422	32667.4925373	20105165.8433	2.0	3.0
348	20150423	32667.4925373	20105165.8433	2.0	3.0
322	20150424	32667.4925373	20105165.8433	2.0	3.0
245	20150425	32667.4925373	20105165.8433	2.0	3.0
235	20150426	32667.4925373	20105165.8433	2.0	3.0
432	20150427	32667.4925373	20105165.8433	2.0	3.0
483	20150428	32667.4925373	20105165.8433	2.0	3.0
648	20150429	32667.4925373	20105165.8433	2.0	3.0
442	20150430	32667.4925373	20105165.8433	2.0	3.0
261	20150501	32667.4925373	20105165.8433	2.0	3.0
300	20150502	32667.4925373	20105165.8433	2.0	3.0
342	20150503	32667.4925373	20105165.8433	2.0	3.0
371	20150504	32667.4925373	20105165.8433	2.0	3.0
329	20150505	32667.4925373	20105165.8433	2.0	3.0
428	20150506	32667.4925373	20105165.8433	2.0	3.0
301	20150507	32667.4925373	20105165.8433	2.0	3.0
232	20150508	32667.4925373	20105165.8433	2.0	3.0
349	20150509	32667.4925373	20105165.8433	2.0	3.0
203	20150510	32667.4925373	20105165.8433	2.0	3.0
275	20150511	32667.4925373	20105165.8433	2.0	3.0
232	20150512	32667.4925373	20105165.8433	2.0	3.0
263	20150513	32667.4925373	20105165.8433	2.0	3.0
459	20150514	32667.4925373	20105165.8433	2.0	3.0
431	20150515	32667.4925373	20105165.8433	2.0	3.0
379	20150516	32667.4925373	20105165.8433	2.0	3.0
391	20150517	32667.4925373	20105165.8433	2.0	3.0
199	20150518	32667.4925373	20105165.8433	2.0	3.0
238	20150519	32667.4925373	20105165.8433	2.0	3.0
362	20150520	32667.4925373	20105165.8433	2.0	3.0
510	20150521	32667.4925373	20105165.8433	2.0	3.0
312	20150522	32667.4925373	20105165.8433	2.0	3.0
317	20150523	32667.4925373	20105165.8433	2.0	3.0
239	20150524	32667.4925373	20105165.8433	2.0	3.0
228	20150525	32667.4925373	20105165.8433	2.0	3.0
262	20150526	32667.4925373	20105165.8433	2.0	3.0
367	20150527	32667.4925373	20105165.8433	2.0	3.0
306	20150528	32667.4925373	20105165.8433	2.0	3.0
390	20150529	32667.4925373	20105165.8433	2.0	3.0
350	20150530	32667.4925373	20105165.8433	2.0	3.0
424	20150531	32667.4925373	20105165.8433	2.0	3.0
204	20150601	32667.4925373	20105165.8433	2.0	3.0
277	20150602	32667.4925373	20105165.8433	2.0	3.0
392	20150603	32667.4925373	20105165.8433	2.0	3.0
323	20150604	32667.4925373	20105165.8433	2.0	3.0
207	20150605	32667.4925373	20105165.8433	2.0	3.0
416	20150606	32667.4925373	20105165.8433	2.0	3.0
309	20150607	32667.4925373	20105165.8433	2.0	3.0
395	20150608	32667.4925373	20105165.8433	2.0	3.0
224	20150609	32667.4925373	20105165.8433	2.0	3.0
301	20150610	32667.4925373	20105165.8433	2.0	3.0
222	20150611	32667.4925373	20105165.8433	2.0	3.0
260	20150612	32667.4925373	20105165.8433	2.0	3.0
179	20150613	32667.4925373	20105165.8433	2.0	3.0
233	20150614	32667.4925373	20105165.8433	2.0	3.0
301	20150615	32667.4925373	20105165.8433	2.0	3.0
201	20150616	32667.4925373	20105165.8433	2.0	3.0
254	20150617	32667.4925373	20105165.8433	2.0	3.0
215	20150618	32667.4925373	20105165.8433	2.0	3.0
212	20150619	32667.4925373	20105165.8433	2.0	3.0
230	20150620	32667.4925373	20105165.8433	2.0	3.0
177	20150621	32667.4925373	20105165.8433	2.0	3.0
150	20150622	32667.4925373	20105165.8433	2.0	3.0
231	20150623	32667.4925373	20105165.8433	2.0	3.0
258	20150624	32667.4925373	20105165.8433	2.0	3.0
205	20150625	32667.4925373	20105165.8433	2.0	3.0
184	20150626	32667.4925373	20105165.8433	2.0	3.0
149	20150627	32667.4925373	20105165.8433	2.0	3.0
287	20150628	32667.4925373	20105165.8433	2.0	3.0
351	20150629	32667.4925373	20105165.8433	2.0	3.0
244	20150630	32667.4925373	20105165.8433	2.0	3.0
280	20150701	32667.4925373	20105165.8433	2.0	3.0
318	20150702	32667.4925373	20105165.8433	2.0	3.0
314	20150703	32667.4925373	20105165.8433	2.0	3.0
392	20150704	32667.4925373	20105165.8433	2.0	3.0
220	20150705	32667.4925373	20105165.8433	2.0	3.0
189	20150706	32667.4925373	20105165.8433	2.0	3.0
263	20150707	32667.4925373	20105165.8433	2.0	3.0
381	20150708	32667.4925373	20105165.8433	2.0	3.0
304	20150709	32667.4925373	20105165.8433	2.0	3.0
182	20150710	32667.4925373	20105165.8433	2.0	3.0
150	20150711	32667.4925373	20105165.8433	2.0	3.0
169	20150712	32667.4925373	20105165.8433	2.0	3.0
133	20150713	32667.4925373	20105165.8433	2.0	3.0
214	20150714	32667.4925373	20105165.8433	2.0	3.0
239	20150715	32667.4925373	20105165.8433	2.0	3.0
171	20150716	32667.4925373	20105165.8433	2.0	3.0
152	20150717	32667.4925373	20105165.8433	2.0	3.0
177	20150718	32667.4925373	20105165.8433	2.0	3.0
166	20150719	32667.4925373	20105165.8433	2.0	3.0
194	20150720	32667.4925373	20105165.8433	2.0	3.0
160	20150721	32667.4925373	20105165.8433	2.0	3.0
226	20150722	32667.4925373	20105165.8433	2.0	3.0
151	20150723	32667.4925373	20105165.8433	2.0	3.0
174	20150724	32667.4925373	20105165.8433	2.0	3.0
183	20150725	32667.4925373	20105165.8433	2.0	3.0
196	20150726	32667.4925373	20105165.8433	2.0	3.0
195	20150727	32667.4925373	20105165.8433	2.0	3.0
253	20150728	32667.4925373	20105165.8433	2.0	3.0
234	20150729	32667.4925373	20105165.8433	2.0	3.0
187	20150730	32667.4925373	20105165.8433	2.0	3.0
517	20150731	32667.4925373	20105165.8433	2.0	3.0
424	20150801	32667.4925373	20105165.8433	2.0	3.0
361	20150802	32667.4925373	20105165.8433	2.0	3.0
281	20150803	32667.4925373	20105165.8433	2.0	3.0
338	20150804	32667.4925373	20105165.8433	2.0	3.0
355	20150805	32667.4925373	20105165.8433	2.0	3.0
229	20150806	32667.4925373	20105165.8433	2.0	3.0
257	20150807	32667.4925373	20105165.8433	2.0	3.0
308	20150808	32667.4925373	20105165.8433	2.0	3.0
251	20150809	32667.4925373	20105165.8433	2.0	3.0
180	20150810	32667.4925373	20105165.8433	2.0	3.0
246	20150811	32667.4925373	20105165.8433	2.0	3.0
291	20150812	32667.4925373	20105165.8433	2.0	3.0
251	20150813	32667.4925373	20105165.8433	2.0	3.0
221	20150814	32667.4925373	20105165.8433	2.0	3.0
209	20150815	32667.4925373	20105165.8433	2.0	3.0
202	20150816	32667.4925373	20105165.8433	2.0	3.0
193	20150817	32667.4925373	20105165.8433	2.0	3.0
355	20150818	32667.4925373	20105165.8433	2.0	3.0
310	20150819	32667.4925373	20105165.8433	2.0	3.0
277	20150820	32667.4925373	20105165.8433	2.0	3.0
247	20150821	32667.4925373	20105165.8433	2.0	3.0
231	20150822	32667.4925373	20105165.8433	2.0	3.0
236	20150823	32667.4925373	20105165.8433	2.0	3.0
215	20150824	32667.4925373	20105165.8433	2.0	3.0
338	20150825	32667.4925373	20105165.8433	2.0	3.0
294	20150826	32667.4925373	20105165.8433	2.0	3.0
224	20150827	32667.4925373	20105165.8433	2.0	3.0
292	20150828	32667.4925373	20105165.8433	2.0	3.0
190	20150829	32667.4925373	20105165.8433	2.0	3.0
220	20150830	32667.4925373	20105165.8433	2.0	3.0
