455	20150301	13762.7181818	20136243.5273	20.7181818182	1.0
366	20150302	13762.7181818	20136243.5273	20.7181818182	1.0
359	20150303	13762.7181818	20136243.5273	20.7181818182	1.0
5713	20150304	13762.7181818	20136243.5273	20.7181818182	1.0
8489	20150305	13762.7181818	20136243.5273	20.7181818182	1.0
4138	20150306	13762.7181818	20136243.5273	20.7181818182	1.0
3104	20150307	13762.7181818	20136243.5273	20.7181818182	1.0
3122	20150308	13762.7181818	20136243.5273	20.7181818182	1.0
2325	20150309	13762.7181818	20136243.5273	20.7181818182	1.0
2121	20150310	13762.7181818	20136243.5273	20.7181818182	1.0
4197	20150311	13762.7181818	20136243.5273	20.7181818182	1.0
4564	20150312	13762.7181818	20136243.5273	20.7181818182	1.0
3587	20150313	13762.7181818	20136243.5273	20.7181818182	1.0
2522	20150314	13762.7181818	20136243.5273	20.7181818182	1.0
2473	20150315	13762.7181818	20136243.5273	20.7181818182	1.0
2391	20150316	13762.7181818	20136243.5273	20.7181818182	1.0
2682	20150317	13762.7181818	20136243.5273	20.7181818182	1.0
4109	20150318	13762.7181818	20136243.5273	20.7181818182	1.0
3930	20150319	13762.7181818	20136243.5273	20.7181818182	1.0
4688	20150320	13762.7181818	20136243.5273	20.7181818182	1.0
3782	20150321	13762.7181818	20136243.5273	20.7181818182	1.0
3374	20150322	13762.7181818	20136243.5273	20.7181818182	1.0
3480	20150323	13762.7181818	20136243.5273	20.7181818182	1.0
2836	20150324	13762.7181818	20136243.5273	20.7181818182	1.0
4377	20150325	13762.7181818	20136243.5273	20.7181818182	1.0
6668	20150326	13762.7181818	20136243.5273	20.7181818182	1.0
5359	20150327	13762.7181818	20136243.5273	20.7181818182	1.0
3606	20150328	13762.7181818	20136243.5273	20.7181818182	1.0
4517	20150329	13762.7181818	20136243.5273	20.7181818182	1.0
4467	20150330	13762.7181818	20136243.5273	20.7181818182	1.0
4522	20150331	13762.7181818	20136243.5273	20.7181818182	1.0
3472	20150401	13762.7181818	20136243.5273	20.7181818182	1.0
2659	20150402	13762.7181818	20136243.5273	20.7181818182	1.0
2996	20150403	13762.7181818	20136243.5273	20.7181818182	1.0
3713	20150404	13762.7181818	20136243.5273	20.7181818182	1.0
3266	20150405	13762.7181818	20136243.5273	20.7181818182	1.0
3100	20150406	13762.7181818	20136243.5273	20.7181818182	1.0
2610	20150407	13762.7181818	20136243.5273	20.7181818182	1.0
3280	20150408	13762.7181818	20136243.5273	20.7181818182	1.0
2827	20150409	13762.7181818	20136243.5273	20.7181818182	1.0
2483	20150410	13762.7181818	20136243.5273	20.7181818182	1.0
1857	20150411	13762.7181818	20136243.5273	20.7181818182	1.0
2013	20150412	13762.7181818	20136243.5273	20.7181818182	1.0
1905	20150413	13762.7181818	20136243.5273	20.7181818182	1.0
1843	20150414	13762.7181818	20136243.5273	20.7181818182	1.0
1945	20150415	13762.7181818	20136243.5273	20.7181818182	1.0
1681	20150416	13762.7181818	20136243.5273	20.7181818182	1.0
1568	20150417	13762.7181818	20136243.5273	20.7181818182	1.0
1518	20150418	13762.7181818	20136243.5273	20.7181818182	1.0
1777	20150419	13762.7181818	20136243.5273	20.7181818182	1.0
1373	20150420	13762.7181818	20136243.5273	20.7181818182	1.0
1146	20150421	13762.7181818	20136243.5273	20.7181818182	1.0
1166	20150422	13762.7181818	20136243.5273	20.7181818182	1.0
1241	20150423	13762.7181818	20136243.5273	20.7181818182	1.0
980	20150424	13762.7181818	20136243.5273	20.7181818182	1.0
1319	20150425	13762.7181818	20136243.5273	20.7181818182	1.0
1146	20150426	13762.7181818	20136243.5273	20.7181818182	1.0
1358	20150427	13762.7181818	20136243.5273	20.7181818182	1.0
1356	20150428	13762.7181818	20136243.5273	20.7181818182	1.0
1073	20150429	13762.7181818	20136243.5273	20.7181818182	1.0
1297	20150430	13762.7181818	20136243.5273	20.7181818182	1.0
1964	20150501	13762.7181818	20136243.5273	20.7181818182	1.0
1750	20150502	13762.7181818	20136243.5273	20.7181818182	1.0
973	20150503	13762.7181818	20136243.5273	20.7181818182	1.0
1244	20150504	13762.7181818	20136243.5273	20.7181818182	1.0
1082	20150505	13762.7181818	20136243.5273	20.7181818182	1.0
1027	20150506	13762.7181818	20136243.5273	20.7181818182	1.0
1205	20150507	13762.7181818	20136243.5273	20.7181818182	1.0
1095	20150508	13762.7181818	20136243.5273	20.7181818182	1.0
1262	20150509	13762.7181818	20136243.5273	20.7181818182	1.0
1377	20150510	13762.7181818	20136243.5273	20.7181818182	1.0
960	20150511	13762.7181818	20136243.5273	20.7181818182	1.0
1366	20150512	13762.7181818	20136243.5273	20.7181818182	1.0
879	20150513	13762.7181818	20136243.5273	20.7181818182	1.0
1008	20150514	13762.7181818	20136243.5273	20.7181818182	1.0
803	20150515	13762.7181818	20136243.5273	20.7181818182	1.0
912	20150516	13762.7181818	20136243.5273	20.7181818182	1.0
1144	20150517	13762.7181818	20136243.5273	20.7181818182	1.0
1061	20150518	13762.7181818	20136243.5273	20.7181818182	1.0
1125	20150519	13762.7181818	20136243.5273	20.7181818182	1.0
886	20150520	13762.7181818	20136243.5273	20.7181818182	1.0
1105	20150521	13762.7181818	20136243.5273	20.7181818182	1.0
937	20150522	13762.7181818	20136243.5273	20.7181818182	1.0
884	20150523	13762.7181818	20136243.5273	20.7181818182	1.0
1135	20150524	13762.7181818	20136243.5273	20.7181818182	1.0
1349	20150525	13762.7181818	20136243.5273	20.7181818182	1.0
1001	20150526	13762.7181818	20136243.5273	20.7181818182	1.0
998	20150527	13762.7181818	20136243.5273	20.7181818182	1.0
946	20150528	13762.7181818	20136243.5273	20.7181818182	1.0
1126	20150529	13762.7181818	20136243.5273	20.7181818182	1.0
1176	20150530	13762.7181818	20136243.5273	20.7181818182	1.0
1017	20150531	13762.7181818	20136243.5273	20.7181818182	1.0
1372	20150601	13762.7181818	20136243.5273	20.7181818182	1.0
1220	20150602	13762.7181818	20136243.5273	20.7181818182	1.0
824	20150603	13762.7181818	20136243.5273	20.7181818182	1.0
1019	20150604	13762.7181818	20136243.5273	20.7181818182	1.0
964	20150605	13762.7181818	20136243.5273	20.7181818182	1.0
966	20150606	13762.7181818	20136243.5273	20.7181818182	1.0
834	20150607	13762.7181818	20136243.5273	20.7181818182	1.0
903	20150608	13762.7181818	20136243.5273	20.7181818182	1.0
1069	20150609	13762.7181818	20136243.5273	20.7181818182	1.0
970	20150610	13762.7181818	20136243.5273	20.7181818182	1.0
1210	20150611	13762.7181818	20136243.5273	20.7181818182	1.0
1010	20150612	13762.7181818	20136243.5273	20.7181818182	1.0
915	20150613	13762.7181818	20136243.5273	20.7181818182	1.0
862	20150614	13762.7181818	20136243.5273	20.7181818182	1.0
966	20150615	13762.7181818	20136243.5273	20.7181818182	1.0
1782	20150616	13762.7181818	20136243.5273	20.7181818182	1.0
1266	20150617	13762.7181818	20136243.5273	20.7181818182	1.0
1174	20150618	13762.7181818	20136243.5273	20.7181818182	1.0
1233	20150619	13762.7181818	20136243.5273	20.7181818182	1.0
1014	20150620	13762.7181818	20136243.5273	20.7181818182	1.0
760	20150621	13762.7181818	20136243.5273	20.7181818182	1.0
1025	20150622	13762.7181818	20136243.5273	20.7181818182	1.0
1181	20150623	13762.7181818	20136243.5273	20.7181818182	1.0
935	20150624	13762.7181818	20136243.5273	20.7181818182	1.0
785	20150625	13762.7181818	20136243.5273	20.7181818182	1.0
874	20150626	13762.7181818	20136243.5273	20.7181818182	1.0
1010	20150627	13762.7181818	20136243.5273	20.7181818182	1.0
789	20150628	13762.7181818	20136243.5273	20.7181818182	1.0
1243	20150629	13762.7181818	20136243.5273	20.7181818182	1.0
1102	20150630	13762.7181818	20136243.5273	20.7181818182	1.0
702	20150701	13762.7181818	20136243.5273	20.7181818182	1.0
653	20150702	13762.7181818	20136243.5273	20.7181818182	1.0
984	20150703	13762.7181818	20136243.5273	20.7181818182	1.0
1074	20150704	13762.7181818	20136243.5273	20.7181818182	1.0
939	20150705	13762.7181818	20136243.5273	20.7181818182	1.0
711	20150706	13762.7181818	20136243.5273	20.7181818182	1.0
931	20150707	13762.7181818	20136243.5273	20.7181818182	1.0
1233	20150708	13762.7181818	20136243.5273	20.7181818182	1.0
836	20150709	13762.7181818	20136243.5273	20.7181818182	1.0
848	20150710	13762.7181818	20136243.5273	20.7181818182	1.0
983	20150711	13762.7181818	20136243.5273	20.7181818182	1.0
1017	20150712	13762.7181818	20136243.5273	20.7181818182	1.0
868	20150713	13762.7181818	20136243.5273	20.7181818182	1.0
1207	20150714	13762.7181818	20136243.5273	20.7181818182	1.0
1163	20150715	13762.7181818	20136243.5273	20.7181818182	1.0
830	20150716	13762.7181818	20136243.5273	20.7181818182	1.0
722	20150717	13762.7181818	20136243.5273	20.7181818182	1.0
941	20150718	13762.7181818	20136243.5273	20.7181818182	1.0
822	20150719	13762.7181818	20136243.5273	20.7181818182	1.0
857	20150720	13762.7181818	20136243.5273	20.7181818182	1.0
1081	20150721	13762.7181818	20136243.5273	20.7181818182	1.0
824	20150722	13762.7181818	20136243.5273	20.7181818182	1.0
855	20150723	13762.7181818	20136243.5273	20.7181818182	1.0
438	20150724	13762.7181818	20136243.5273	20.7181818182	1.0
884	20150725	13762.7181818	20136243.5273	20.7181818182	1.0
553	20150726	13762.7181818	20136243.5273	20.7181818182	1.0
627	20150727	13762.7181818	20136243.5273	20.7181818182	1.0
913	20150728	13762.7181818	20136243.5273	20.7181818182	1.0
973	20150729	13762.7181818	20136243.5273	20.7181818182	1.0
780	20150730	13762.7181818	20136243.5273	20.7181818182	1.0
762	20150731	13762.7181818	20136243.5273	20.7181818182	1.0
944	20150801	13762.7181818	20136243.5273	20.7181818182	1.0
1000	20150802	13762.7181818	20136243.5273	20.7181818182	1.0
878	20150803	13762.7181818	20136243.5273	20.7181818182	1.0
705	20150804	13762.7181818	20136243.5273	20.7181818182	1.0
748	20150805	13762.7181818	20136243.5273	20.7181818182	1.0
740	20150806	13762.7181818	20136243.5273	20.7181818182	1.0
753	20150807	13762.7181818	20136243.5273	20.7181818182	1.0
654	20150808	13762.7181818	20136243.5273	20.7181818182	1.0
683	20150809	13762.7181818	20136243.5273	20.7181818182	1.0
915	20150810	13762.7181818	20136243.5273	20.7181818182	1.0
812	20150811	13762.7181818	20136243.5273	20.7181818182	1.0
832	20150812	13762.7181818	20136243.5273	20.7181818182	1.0
1307	20150813	13762.7181818	20136243.5273	20.7181818182	1.0
1134	20150814	13762.7181818	20136243.5273	20.7181818182	1.0
950	20150815	13762.7181818	20136243.5273	20.7181818182	1.0
783	20150816	13762.7181818	20136243.5273	20.7181818182	1.0
1464	20150817	13762.7181818	20136243.5273	20.7181818182	1.0
1145	20150818	13762.7181818	20136243.5273	20.7181818182	1.0
793	20150819	13762.7181818	20136243.5273	20.7181818182	1.0
563	20150820	13762.7181818	20136243.5273	20.7181818182	1.0
981	20150821	13762.7181818	20136243.5273	20.7181818182	1.0
615	20150822	13762.7181818	20136243.5273	20.7181818182	1.0
821	20150823	13762.7181818	20136243.5273	20.7181818182	1.0
783	20150824	13762.7181818	20136243.5273	20.7181818182	1.0
924	20150825	13762.7181818	20136243.5273	20.7181818182	1.0
979	20150826	13762.7181818	20136243.5273	20.7181818182	1.0
919	20150827	13762.7181818	20136243.5273	20.7181818182	1.0
581	20150828	13762.7181818	20136243.5273	20.7181818182	1.0
561	20150829	13762.7181818	20136243.5273	20.7181818182	1.0
488	20150830	13762.7181818	20136243.5273	20.7181818182	1.0
