865	20150301	60922.6686047	20120420.3023	4.0	2.0
864	20150302	60922.6686047	20120420.3023	4.0	2.0
847	20150303	60922.6686047	20120420.3023	4.0	2.0
876	20150304	60922.6686047	20120420.3023	4.0	2.0
866	20150305	60922.6686047	20120420.3023	4.0	2.0
1357	20150306	60922.6686047	20120420.3023	4.0	2.0
1534	20150307	60922.6686047	20120420.3023	4.0	2.0
1298	20150308	60922.6686047	20120420.3023	4.0	2.0
1956	20150309	60922.6686047	20120420.3023	4.0	2.0
1473	20150310	60922.6686047	20120420.3023	4.0	2.0
1446	20150311	60922.6686047	20120420.3023	4.0	2.0
1292	20150312	60922.6686047	20120420.3023	4.0	2.0
1507	20150313	60922.6686047	20120420.3023	4.0	2.0
1359	20150314	60922.6686047	20120420.3023	4.0	2.0
1401	20150315	60922.6686047	20120420.3023	4.0	2.0
1227	20150316	60922.6686047	20120420.3023	4.0	2.0
1133	20150317	60922.6686047	20120420.3023	4.0	2.0
1126	20150318	60922.6686047	20120420.3023	4.0	2.0
1143	20150319	60922.6686047	20120420.3023	4.0	2.0
1187	20150320	60922.6686047	20120420.3023	4.0	2.0
1011	20150321	60922.6686047	20120420.3023	4.0	2.0
1319	20150322	60922.6686047	20120420.3023	4.0	2.0
1180	20150323	60922.6686047	20120420.3023	4.0	2.0
1137	20150324	60922.6686047	20120420.3023	4.0	2.0
1131	20150325	60922.6686047	20120420.3023	4.0	2.0
1125	20150326	60922.6686047	20120420.3023	4.0	2.0
1017	20150327	60922.6686047	20120420.3023	4.0	2.0
1024	20150328	60922.6686047	20120420.3023	4.0	2.0
1071	20150329	60922.6686047	20120420.3023	4.0	2.0
953	20150330	60922.6686047	20120420.3023	4.0	2.0
1143	20150331	60922.6686047	20120420.3023	4.0	2.0
957	20150401	60922.6686047	20120420.3023	4.0	2.0
986	20150402	60922.6686047	20120420.3023	4.0	2.0
927	20150403	60922.6686047	20120420.3023	4.0	2.0
833	20150404	60922.6686047	20120420.3023	4.0	2.0
855	20150405	60922.6686047	20120420.3023	4.0	2.0
1068	20150406	60922.6686047	20120420.3023	4.0	2.0
822	20150407	60922.6686047	20120420.3023	4.0	2.0
905	20150408	60922.6686047	20120420.3023	4.0	2.0
884	20150409	60922.6686047	20120420.3023	4.0	2.0
919	20150410	60922.6686047	20120420.3023	4.0	2.0
863	20150411	60922.6686047	20120420.3023	4.0	2.0
991	20150412	60922.6686047	20120420.3023	4.0	2.0
1298	20150413	60922.6686047	20120420.3023	4.0	2.0
1470	20150414	60922.6686047	20120420.3023	4.0	2.0
1191	20150415	60922.6686047	20120420.3023	4.0	2.0
1311	20150416	60922.6686047	20120420.3023	4.0	2.0
1307	20150417	60922.6686047	20120420.3023	4.0	2.0
1313	20150418	60922.6686047	20120420.3023	4.0	2.0
926	20150419	60922.6686047	20120420.3023	4.0	2.0
1023	20150420	60922.6686047	20120420.3023	4.0	2.0
917	20150421	60922.6686047	20120420.3023	4.0	2.0
1011	20150422	60922.6686047	20120420.3023	4.0	2.0
1011	20150423	60922.6686047	20120420.3023	4.0	2.0
1105	20150424	60922.6686047	20120420.3023	4.0	2.0
1075	20150425	60922.6686047	20120420.3023	4.0	2.0
1047	20150426	60922.6686047	20120420.3023	4.0	2.0
955	20150427	60922.6686047	20120420.3023	4.0	2.0
896	20150428	60922.6686047	20120420.3023	4.0	2.0
960	20150429	60922.6686047	20120420.3023	4.0	2.0
962	20150430	60922.6686047	20120420.3023	4.0	2.0
948	20150501	60922.6686047	20120420.3023	4.0	2.0
1082	20150502	60922.6686047	20120420.3023	4.0	2.0
911	20150503	60922.6686047	20120420.3023	4.0	2.0
840	20150504	60922.6686047	20120420.3023	4.0	2.0
918	20150505	60922.6686047	20120420.3023	4.0	2.0
1006	20150506	60922.6686047	20120420.3023	4.0	2.0
1082	20150507	60922.6686047	20120420.3023	4.0	2.0
1039	20150508	60922.6686047	20120420.3023	4.0	2.0
986	20150509	60922.6686047	20120420.3023	4.0	2.0
863	20150510	60922.6686047	20120420.3023	4.0	2.0
788	20150511	60922.6686047	20120420.3023	4.0	2.0
1049	20150512	60922.6686047	20120420.3023	4.0	2.0
854	20150513	60922.6686047	20120420.3023	4.0	2.0
849	20150514	60922.6686047	20120420.3023	4.0	2.0
783	20150515	60922.6686047	20120420.3023	4.0	2.0
798	20150516	60922.6686047	20120420.3023	4.0	2.0
799	20150517	60922.6686047	20120420.3023	4.0	2.0
878	20150518	60922.6686047	20120420.3023	4.0	2.0
926	20150519	60922.6686047	20120420.3023	4.0	2.0
780	20150520	60922.6686047	20120420.3023	4.0	2.0
1070	20150521	60922.6686047	20120420.3023	4.0	2.0
954	20150522	60922.6686047	20120420.3023	4.0	2.0
862	20150523	60922.6686047	20120420.3023	4.0	2.0
968	20150524	60922.6686047	20120420.3023	4.0	2.0
950	20150525	60922.6686047	20120420.3023	4.0	2.0
1026	20150526	60922.6686047	20120420.3023	4.0	2.0
915	20150527	60922.6686047	20120420.3023	4.0	2.0
893	20150528	60922.6686047	20120420.3023	4.0	2.0
863	20150529	60922.6686047	20120420.3023	4.0	2.0
978	20150530	60922.6686047	20120420.3023	4.0	2.0
843	20150531	60922.6686047	20120420.3023	4.0	2.0
931	20150601	60922.6686047	20120420.3023	4.0	2.0
1022	20150602	60922.6686047	20120420.3023	4.0	2.0
921	20150603	60922.6686047	20120420.3023	4.0	2.0
766	20150604	60922.6686047	20120420.3023	4.0	2.0
786	20150605	60922.6686047	20120420.3023	4.0	2.0
853	20150606	60922.6686047	20120420.3023	4.0	2.0
790	20150607	60922.6686047	20120420.3023	4.0	2.0
904	20150608	60922.6686047	20120420.3023	4.0	2.0
857	20150609	60922.6686047	20120420.3023	4.0	2.0
1050	20150610	60922.6686047	20120420.3023	4.0	2.0
917	20150611	60922.6686047	20120420.3023	4.0	2.0
1102	20150612	60922.6686047	20120420.3023	4.0	2.0
919	20150613	60922.6686047	20120420.3023	4.0	2.0
1088	20150614	60922.6686047	20120420.3023	4.0	2.0
1348	20150615	60922.6686047	20120420.3023	4.0	2.0
960	20150616	60922.6686047	20120420.3023	4.0	2.0
840	20150617	60922.6686047	20120420.3023	4.0	2.0
1029	20150618	60922.6686047	20120420.3023	4.0	2.0
1034	20150619	60922.6686047	20120420.3023	4.0	2.0
945	20150620	60922.6686047	20120420.3023	4.0	2.0
823	20150621	60922.6686047	20120420.3023	4.0	2.0
1096	20150622	60922.6686047	20120420.3023	4.0	2.0
962	20150623	60922.6686047	20120420.3023	4.0	2.0
839	20150624	60922.6686047	20120420.3023	4.0	2.0
1144	20150625	60922.6686047	20120420.3023	4.0	2.0
890	20150626	60922.6686047	20120420.3023	4.0	2.0
926	20150627	60922.6686047	20120420.3023	4.0	2.0
927	20150628	60922.6686047	20120420.3023	4.0	2.0
953	20150629	60922.6686047	20120420.3023	4.0	2.0
982	20150630	60922.6686047	20120420.3023	4.0	2.0
999	20150701	60922.6686047	20120420.3023	4.0	2.0
1117	20150702	60922.6686047	20120420.3023	4.0	2.0
965	20150703	60922.6686047	20120420.3023	4.0	2.0
1053	20150704	60922.6686047	20120420.3023	4.0	2.0
1056	20150705	60922.6686047	20120420.3023	4.0	2.0
949	20150706	60922.6686047	20120420.3023	4.0	2.0
954	20150707	60922.6686047	20120420.3023	4.0	2.0
918	20150708	60922.6686047	20120420.3023	4.0	2.0
1754	20150709	60922.6686047	20120420.3023	4.0	2.0
1783	20150710	60922.6686047	20120420.3023	4.0	2.0
1408	20150711	60922.6686047	20120420.3023	4.0	2.0
1502	20150712	60922.6686047	20120420.3023	4.0	2.0
1510	20150713	60922.6686047	20120420.3023	4.0	2.0
1204	20150714	60922.6686047	20120420.3023	4.0	2.0
1080	20150715	60922.6686047	20120420.3023	4.0	2.0
1179	20150716	60922.6686047	20120420.3023	4.0	2.0
1026	20150717	60922.6686047	20120420.3023	4.0	2.0
1010	20150718	60922.6686047	20120420.3023	4.0	2.0
1133	20150719	60922.6686047	20120420.3023	4.0	2.0
1128	20150720	60922.6686047	20120420.3023	4.0	2.0
2766	20150721	60922.6686047	20120420.3023	4.0	2.0
3006	20150722	60922.6686047	20120420.3023	4.0	2.0
1505	20150723	60922.6686047	20120420.3023	4.0	2.0
1519	20150724	60922.6686047	20120420.3023	4.0	2.0
1204	20150725	60922.6686047	20120420.3023	4.0	2.0
1127	20150726	60922.6686047	20120420.3023	4.0	2.0
1181	20150727	60922.6686047	20120420.3023	4.0	2.0
1336	20150728	60922.6686047	20120420.3023	4.0	2.0
1229	20150729	60922.6686047	20120420.3023	4.0	2.0
1302	20150730	60922.6686047	20120420.3023	4.0	2.0
1176	20150731	60922.6686047	20120420.3023	4.0	2.0
1109	20150801	60922.6686047	20120420.3023	4.0	2.0
1005	20150802	60922.6686047	20120420.3023	4.0	2.0
1168	20150803	60922.6686047	20120420.3023	4.0	2.0
1084	20150804	60922.6686047	20120420.3023	4.0	2.0
1101	20150805	60922.6686047	20120420.3023	4.0	2.0
1139	20150806	60922.6686047	20120420.3023	4.0	2.0
1009	20150807	60922.6686047	20120420.3023	4.0	2.0
1022	20150808	60922.6686047	20120420.3023	4.0	2.0
940	20150809	60922.6686047	20120420.3023	4.0	2.0
1062	20150810	60922.6686047	20120420.3023	4.0	2.0
1036	20150811	60922.6686047	20120420.3023	4.0	2.0
1089	20150812	60922.6686047	20120420.3023	4.0	2.0
926	20150813	60922.6686047	20120420.3023	4.0	2.0
894	20150814	60922.6686047	20120420.3023	4.0	2.0
934	20150815	60922.6686047	20120420.3023	4.0	2.0
895	20150816	60922.6686047	20120420.3023	4.0	2.0
1141	20150817	60922.6686047	20120420.3023	4.0	2.0
1071	20150818	60922.6686047	20120420.3023	4.0	2.0
1061	20150819	60922.6686047	20120420.3023	4.0	2.0
1209	20150820	60922.6686047	20120420.3023	4.0	2.0
1217	20150821	60922.6686047	20120420.3023	4.0	2.0
1033	20150822	60922.6686047	20120420.3023	4.0	2.0
1015	20150823	60922.6686047	20120420.3023	4.0	2.0
1233	20150824	60922.6686047	20120420.3023	4.0	2.0
1291	20150825	60922.6686047	20120420.3023	4.0	2.0
1209	20150826	60922.6686047	20120420.3023	4.0	2.0
1219	20150827	60922.6686047	20120420.3023	4.0	2.0
1106	20150828	60922.6686047	20120420.3023	4.0	2.0
982	20150829	60922.6686047	20120420.3023	4.0	2.0
1195	20150830	60922.6686047	20120420.3023	4.0	2.0
