74	20150301	22259.4651163	20117245.4767	13.7906976744	1.0
63	20150302	22259.4651163	20117245.4767	13.7906976744	1.0
76	20150303	22259.4651163	20117245.4767	13.7906976744	1.0
74	20150304	22259.4651163	20117245.4767	13.7906976744	1.0
93	20150305	22259.4651163	20117245.4767	13.7906976744	1.0
114	20150306	22259.4651163	20117245.4767	13.7906976744	1.0
108	20150307	22259.4651163	20117245.4767	13.7906976744	1.0
76	20150308	22259.4651163	20117245.4767	13.7906976744	1.0
86	20150309	22259.4651163	20117245.4767	13.7906976744	1.0
128	20150310	22259.4651163	20117245.4767	13.7906976744	1.0
81	20150311	22259.4651163	20117245.4767	13.7906976744	1.0
72	20150312	22259.4651163	20117245.4767	13.7906976744	1.0
96	20150313	22259.4651163	20117245.4767	13.7906976744	1.0
92	20150314	22259.4651163	20117245.4767	13.7906976744	1.0
93	20150315	22259.4651163	20117245.4767	13.7906976744	1.0
117	20150316	22259.4651163	20117245.4767	13.7906976744	1.0
154	20150317	22259.4651163	20117245.4767	13.7906976744	1.0
173	20150318	22259.4651163	20117245.4767	13.7906976744	1.0
104	20150319	22259.4651163	20117245.4767	13.7906976744	1.0
98	20150320	22259.4651163	20117245.4767	13.7906976744	1.0
160	20150321	22259.4651163	20117245.4767	13.7906976744	1.0
166	20150322	22259.4651163	20117245.4767	13.7906976744	1.0
135	20150323	22259.4651163	20117245.4767	13.7906976744	1.0
147	20150324	22259.4651163	20117245.4767	13.7906976744	1.0
178	20150325	22259.4651163	20117245.4767	13.7906976744	1.0
153	20150326	22259.4651163	20117245.4767	13.7906976744	1.0
134	20150327	22259.4651163	20117245.4767	13.7906976744	1.0
129	20150328	22259.4651163	20117245.4767	13.7906976744	1.0
122	20150329	22259.4651163	20117245.4767	13.7906976744	1.0
148	20150330	22259.4651163	20117245.4767	13.7906976744	1.0
117	20150331	22259.4651163	20117245.4767	13.7906976744	1.0
159	20150401	22259.4651163	20117245.4767	13.7906976744	1.0
159	20150402	22259.4651163	20117245.4767	13.7906976744	1.0
171	20150403	22259.4651163	20117245.4767	13.7906976744	1.0
126	20150404	22259.4651163	20117245.4767	13.7906976744	1.0
260	20150405	22259.4651163	20117245.4767	13.7906976744	1.0
182	20150406	22259.4651163	20117245.4767	13.7906976744	1.0
199	20150407	22259.4651163	20117245.4767	13.7906976744	1.0
130	20150408	22259.4651163	20117245.4767	13.7906976744	1.0
141	20150409	22259.4651163	20117245.4767	13.7906976744	1.0
156	20150410	22259.4651163	20117245.4767	13.7906976744	1.0
176	20150411	22259.4651163	20117245.4767	13.7906976744	1.0
89	20150412	22259.4651163	20117245.4767	13.7906976744	1.0
141	20150413	22259.4651163	20117245.4767	13.7906976744	1.0
152	20150414	22259.4651163	20117245.4767	13.7906976744	1.0
172	20150415	22259.4651163	20117245.4767	13.7906976744	1.0
125	20150416	22259.4651163	20117245.4767	13.7906976744	1.0
141	20150417	22259.4651163	20117245.4767	13.7906976744	1.0
151	20150418	22259.4651163	20117245.4767	13.7906976744	1.0
155	20150419	22259.4651163	20117245.4767	13.7906976744	1.0
148	20150420	22259.4651163	20117245.4767	13.7906976744	1.0
135	20150421	22259.4651163	20117245.4767	13.7906976744	1.0
191	20150422	22259.4651163	20117245.4767	13.7906976744	1.0
162	20150423	22259.4651163	20117245.4767	13.7906976744	1.0
181	20150424	22259.4651163	20117245.4767	13.7906976744	1.0
234	20150425	22259.4651163	20117245.4767	13.7906976744	1.0
182	20150426	22259.4651163	20117245.4767	13.7906976744	1.0
168	20150427	22259.4651163	20117245.4767	13.7906976744	1.0
235	20150428	22259.4651163	20117245.4767	13.7906976744	1.0
186	20150429	22259.4651163	20117245.4767	13.7906976744	1.0
213	20150430	22259.4651163	20117245.4767	13.7906976744	1.0
170	20150501	22259.4651163	20117245.4767	13.7906976744	1.0
177	20150502	22259.4651163	20117245.4767	13.7906976744	1.0
220	20150503	22259.4651163	20117245.4767	13.7906976744	1.0
159	20150504	22259.4651163	20117245.4767	13.7906976744	1.0
190	20150505	22259.4651163	20117245.4767	13.7906976744	1.0
191	20150506	22259.4651163	20117245.4767	13.7906976744	1.0
175	20150507	22259.4651163	20117245.4767	13.7906976744	1.0
240	20150508	22259.4651163	20117245.4767	13.7906976744	1.0
190	20150509	22259.4651163	20117245.4767	13.7906976744	1.0
169	20150510	22259.4651163	20117245.4767	13.7906976744	1.0
176	20150511	22259.4651163	20117245.4767	13.7906976744	1.0
248	20150512	22259.4651163	20117245.4767	13.7906976744	1.0
328	20150513	22259.4651163	20117245.4767	13.7906976744	1.0
384	20150514	22259.4651163	20117245.4767	13.7906976744	1.0
416	20150515	22259.4651163	20117245.4767	13.7906976744	1.0
275	20150516	22259.4651163	20117245.4767	13.7906976744	1.0
277	20150517	22259.4651163	20117245.4767	13.7906976744	1.0
221	20150518	22259.4651163	20117245.4767	13.7906976744	1.0
218	20150519	22259.4651163	20117245.4767	13.7906976744	1.0
217	20150520	22259.4651163	20117245.4767	13.7906976744	1.0
221	20150521	22259.4651163	20117245.4767	13.7906976744	1.0
247	20150522	22259.4651163	20117245.4767	13.7906976744	1.0
279	20150523	22259.4651163	20117245.4767	13.7906976744	1.0
283	20150524	22259.4651163	20117245.4767	13.7906976744	1.0
204	20150525	22259.4651163	20117245.4767	13.7906976744	1.0
177	20150526	22259.4651163	20117245.4767	13.7906976744	1.0
192	20150527	22259.4651163	20117245.4767	13.7906976744	1.0
261	20150528	22259.4651163	20117245.4767	13.7906976744	1.0
218	20150529	22259.4651163	20117245.4767	13.7906976744	1.0
171	20150530	22259.4651163	20117245.4767	13.7906976744	1.0
291	20150531	22259.4651163	20117245.4767	13.7906976744	1.0
249	20150601	22259.4651163	20117245.4767	13.7906976744	1.0
234	20150602	22259.4651163	20117245.4767	13.7906976744	1.0
245	20150603	22259.4651163	20117245.4767	13.7906976744	1.0
266	20150604	22259.4651163	20117245.4767	13.7906976744	1.0
250	20150605	22259.4651163	20117245.4767	13.7906976744	1.0
281	20150606	22259.4651163	20117245.4767	13.7906976744	1.0
259	20150607	22259.4651163	20117245.4767	13.7906976744	1.0
376	20150608	22259.4651163	20117245.4767	13.7906976744	1.0
239	20150609	22259.4651163	20117245.4767	13.7906976744	1.0
213	20150610	22259.4651163	20117245.4767	13.7906976744	1.0
256	20150611	22259.4651163	20117245.4767	13.7906976744	1.0
215	20150612	22259.4651163	20117245.4767	13.7906976744	1.0
168	20150613	22259.4651163	20117245.4767	13.7906976744	1.0
239	20150614	22259.4651163	20117245.4767	13.7906976744	1.0
213	20150615	22259.4651163	20117245.4767	13.7906976744	1.0
241	20150616	22259.4651163	20117245.4767	13.7906976744	1.0
220	20150617	22259.4651163	20117245.4767	13.7906976744	1.0
286	20150618	22259.4651163	20117245.4767	13.7906976744	1.0
221	20150619	22259.4651163	20117245.4767	13.7906976744	1.0
198	20150620	22259.4651163	20117245.4767	13.7906976744	1.0
182	20150621	22259.4651163	20117245.4767	13.7906976744	1.0
207	20150622	22259.4651163	20117245.4767	13.7906976744	1.0
214	20150623	22259.4651163	20117245.4767	13.7906976744	1.0
231	20150624	22259.4651163	20117245.4767	13.7906976744	1.0
284	20150625	22259.4651163	20117245.4767	13.7906976744	1.0
283	20150626	22259.4651163	20117245.4767	13.7906976744	1.0
197	20150627	22259.4651163	20117245.4767	13.7906976744	1.0
244	20150628	22259.4651163	20117245.4767	13.7906976744	1.0
265	20150629	22259.4651163	20117245.4767	13.7906976744	1.0
225	20150630	22259.4651163	20117245.4767	13.7906976744	1.0
195	20150701	22259.4651163	20117245.4767	13.7906976744	1.0
189	20150702	22259.4651163	20117245.4767	13.7906976744	1.0
201	20150703	22259.4651163	20117245.4767	13.7906976744	1.0
251	20150704	22259.4651163	20117245.4767	13.7906976744	1.0
250	20150705	22259.4651163	20117245.4767	13.7906976744	1.0
211	20150706	22259.4651163	20117245.4767	13.7906976744	1.0
238	20150707	22259.4651163	20117245.4767	13.7906976744	1.0
197	20150708	22259.4651163	20117245.4767	13.7906976744	1.0
228	20150709	22259.4651163	20117245.4767	13.7906976744	1.0
201	20150710	22259.4651163	20117245.4767	13.7906976744	1.0
185	20150711	22259.4651163	20117245.4767	13.7906976744	1.0
222	20150712	22259.4651163	20117245.4767	13.7906976744	1.0
188	20150713	22259.4651163	20117245.4767	13.7906976744	1.0
224	20150714	22259.4651163	20117245.4767	13.7906976744	1.0
218	20150715	22259.4651163	20117245.4767	13.7906976744	1.0
161	20150716	22259.4651163	20117245.4767	13.7906976744	1.0
233	20150717	22259.4651163	20117245.4767	13.7906976744	1.0
188	20150718	22259.4651163	20117245.4767	13.7906976744	1.0
151	20150719	22259.4651163	20117245.4767	13.7906976744	1.0
202	20150720	22259.4651163	20117245.4767	13.7906976744	1.0
196	20150721	22259.4651163	20117245.4767	13.7906976744	1.0
181	20150722	22259.4651163	20117245.4767	13.7906976744	1.0
227	20150723	22259.4651163	20117245.4767	13.7906976744	1.0
176	20150724	22259.4651163	20117245.4767	13.7906976744	1.0
160	20150725	22259.4651163	20117245.4767	13.7906976744	1.0
189	20150726	22259.4651163	20117245.4767	13.7906976744	1.0
214	20150727	22259.4651163	20117245.4767	13.7906976744	1.0
240	20150728	22259.4651163	20117245.4767	13.7906976744	1.0
269	20150729	22259.4651163	20117245.4767	13.7906976744	1.0
279	20150730	22259.4651163	20117245.4767	13.7906976744	1.0
331	20150731	22259.4651163	20117245.4767	13.7906976744	1.0
241	20150801	22259.4651163	20117245.4767	13.7906976744	1.0
227	20150802	22259.4651163	20117245.4767	13.7906976744	1.0
232	20150803	22259.4651163	20117245.4767	13.7906976744	1.0
207	20150804	22259.4651163	20117245.4767	13.7906976744	1.0
243	20150805	22259.4651163	20117245.4767	13.7906976744	1.0
220	20150806	22259.4651163	20117245.4767	13.7906976744	1.0
236	20150807	22259.4651163	20117245.4767	13.7906976744	1.0
220	20150808	22259.4651163	20117245.4767	13.7906976744	1.0
205	20150809	22259.4651163	20117245.4767	13.7906976744	1.0
233	20150810	22259.4651163	20117245.4767	13.7906976744	1.0
187	20150811	22259.4651163	20117245.4767	13.7906976744	1.0
202	20150812	22259.4651163	20117245.4767	13.7906976744	1.0
206	20150813	22259.4651163	20117245.4767	13.7906976744	1.0
209	20150814	22259.4651163	20117245.4767	13.7906976744	1.0
215	20150815	22259.4651163	20117245.4767	13.7906976744	1.0
180	20150816	22259.4651163	20117245.4767	13.7906976744	1.0
199	20150817	22259.4651163	20117245.4767	13.7906976744	1.0
191	20150818	22259.4651163	20117245.4767	13.7906976744	1.0
210	20150819	22259.4651163	20117245.4767	13.7906976744	1.0
292	20150820	22259.4651163	20117245.4767	13.7906976744	1.0
237	20150821	22259.4651163	20117245.4767	13.7906976744	1.0
215	20150822	22259.4651163	20117245.4767	13.7906976744	1.0
182	20150823	22259.4651163	20117245.4767	13.7906976744	1.0
298	20150824	22259.4651163	20117245.4767	13.7906976744	1.0
215	20150825	22259.4651163	20117245.4767	13.7906976744	1.0
184	20150826	22259.4651163	20117245.4767	13.7906976744	1.0
280	20150827	22259.4651163	20117245.4767	13.7906976744	1.0
254	20150828	22259.4651163	20117245.4767	13.7906976744	1.0
232	20150829	22259.4651163	20117245.4767	13.7906976744	1.0
193	20150830	22259.4651163	20117245.4767	13.7906976744	1.0
