58	20150301	8369.27678571	20115626.3571	2.0	2.0
37	20150302	8369.27678571	20115626.3571	2.0	2.0
55	20150303	8369.27678571	20115626.3571	2.0	2.0
60	20150304	8369.27678571	20115626.3571	2.0	2.0
73	20150305	8369.27678571	20115626.3571	2.0	2.0
56	20150306	8369.27678571	20115626.3571	2.0	2.0
64	20150307	8369.27678571	20115626.3571	2.0	2.0
44	20150308	8369.27678571	20115626.3571	2.0	2.0
69	20150309	8369.27678571	20115626.3571	2.0	2.0
44	20150310	8369.27678571	20115626.3571	2.0	2.0
71	20150311	8369.27678571	20115626.3571	2.0	2.0
32	20150312	8369.27678571	20115626.3571	2.0	2.0
44	20150313	8369.27678571	20115626.3571	2.0	2.0
47	20150314	8369.27678571	20115626.3571	2.0	2.0
46	20150315	8369.27678571	20115626.3571	2.0	2.0
50	20150316	8369.27678571	20115626.3571	2.0	2.0
59	20150317	8369.27678571	20115626.3571	2.0	2.0
38	20150318	8369.27678571	20115626.3571	2.0	2.0
29	20150319	8369.27678571	20115626.3571	2.0	2.0
52	20150320	8369.27678571	20115626.3571	2.0	2.0
45	20150321	8369.27678571	20115626.3571	2.0	2.0
68	20150322	8369.27678571	20115626.3571	2.0	2.0
25	20150323	8369.27678571	20115626.3571	2.0	2.0
47	20150324	8369.27678571	20115626.3571	2.0	2.0
43	20150325	8369.27678571	20115626.3571	2.0	2.0
49	20150326	8369.27678571	20115626.3571	2.0	2.0
37	20150327	8369.27678571	20115626.3571	2.0	2.0
42	20150328	8369.27678571	20115626.3571	2.0	2.0
70	20150329	8369.27678571	20115626.3571	2.0	2.0
50	20150330	8369.27678571	20115626.3571	2.0	2.0
58	20150331	8369.27678571	20115626.3571	2.0	2.0
72	20150401	8369.27678571	20115626.3571	2.0	2.0
49	20150402	8369.27678571	20115626.3571	2.0	2.0
72	20150403	8369.27678571	20115626.3571	2.0	2.0
75	20150404	8369.27678571	20115626.3571	2.0	2.0
88	20150405	8369.27678571	20115626.3571	2.0	2.0
93	20150406	8369.27678571	20115626.3571	2.0	2.0
116	20150407	8369.27678571	20115626.3571	2.0	2.0
85	20150408	8369.27678571	20115626.3571	2.0	2.0
54	20150409	8369.27678571	20115626.3571	2.0	2.0
89	20150410	8369.27678571	20115626.3571	2.0	2.0
69	20150411	8369.27678571	20115626.3571	2.0	2.0
76	20150412	8369.27678571	20115626.3571	2.0	2.0
80	20150413	8369.27678571	20115626.3571	2.0	2.0
50	20150414	8369.27678571	20115626.3571	2.0	2.0
51	20150415	8369.27678571	20115626.3571	2.0	2.0
47	20150416	8369.27678571	20115626.3571	2.0	2.0
54	20150417	8369.27678571	20115626.3571	2.0	2.0
86	20150418	8369.27678571	20115626.3571	2.0	2.0
82	20150419	8369.27678571	20115626.3571	2.0	2.0
54	20150420	8369.27678571	20115626.3571	2.0	2.0
55	20150421	8369.27678571	20115626.3571	2.0	2.0
65	20150422	8369.27678571	20115626.3571	2.0	2.0
46	20150423	8369.27678571	20115626.3571	2.0	2.0
65	20150424	8369.27678571	20115626.3571	2.0	2.0
90	20150425	8369.27678571	20115626.3571	2.0	2.0
88	20150426	8369.27678571	20115626.3571	2.0	2.0
59	20150427	8369.27678571	20115626.3571	2.0	2.0
77	20150428	8369.27678571	20115626.3571	2.0	2.0
58	20150429	8369.27678571	20115626.3571	2.0	2.0
51	20150430	8369.27678571	20115626.3571	2.0	2.0
83	20150501	8369.27678571	20115626.3571	2.0	2.0
57	20150502	8369.27678571	20115626.3571	2.0	2.0
61	20150503	8369.27678571	20115626.3571	2.0	2.0
43	20150504	8369.27678571	20115626.3571	2.0	2.0
53	20150505	8369.27678571	20115626.3571	2.0	2.0
43	20150506	8369.27678571	20115626.3571	2.0	2.0
69	20150507	8369.27678571	20115626.3571	2.0	2.0
65	20150508	8369.27678571	20115626.3571	2.0	2.0
60	20150509	8369.27678571	20115626.3571	2.0	2.0
62	20150510	8369.27678571	20115626.3571	2.0	2.0
44	20150511	8369.27678571	20115626.3571	2.0	2.0
58	20150512	8369.27678571	20115626.3571	2.0	2.0
54	20150513	8369.27678571	20115626.3571	2.0	2.0
63	20150514	8369.27678571	20115626.3571	2.0	2.0
55	20150515	8369.27678571	20115626.3571	2.0	2.0
61	20150516	8369.27678571	20115626.3571	2.0	2.0
67	20150517	8369.27678571	20115626.3571	2.0	2.0
32	20150518	8369.27678571	20115626.3571	2.0	2.0
64	20150519	8369.27678571	20115626.3571	2.0	2.0
58	20150520	8369.27678571	20115626.3571	2.0	2.0
48	20150521	8369.27678571	20115626.3571	2.0	2.0
64	20150522	8369.27678571	20115626.3571	2.0	2.0
38	20150523	8369.27678571	20115626.3571	2.0	2.0
82	20150524	8369.27678571	20115626.3571	2.0	2.0
54	20150525	8369.27678571	20115626.3571	2.0	2.0
54	20150526	8369.27678571	20115626.3571	2.0	2.0
56	20150527	8369.27678571	20115626.3571	2.0	2.0
51	20150528	8369.27678571	20115626.3571	2.0	2.0
59	20150529	8369.27678571	20115626.3571	2.0	2.0
80	20150530	8369.27678571	20115626.3571	2.0	2.0
51	20150531	8369.27678571	20115626.3571	2.0	2.0
59	20150601	8369.27678571	20115626.3571	2.0	2.0
56	20150602	8369.27678571	20115626.3571	2.0	2.0
71	20150603	8369.27678571	20115626.3571	2.0	2.0
77	20150604	8369.27678571	20115626.3571	2.0	2.0
68	20150605	8369.27678571	20115626.3571	2.0	2.0
70	20150606	8369.27678571	20115626.3571	2.0	2.0
84	20150607	8369.27678571	20115626.3571	2.0	2.0
61	20150608	8369.27678571	20115626.3571	2.0	2.0
71	20150609	8369.27678571	20115626.3571	2.0	2.0
56	20150610	8369.27678571	20115626.3571	2.0	2.0
46	20150611	8369.27678571	20115626.3571	2.0	2.0
54	20150612	8369.27678571	20115626.3571	2.0	2.0
67	20150613	8369.27678571	20115626.3571	2.0	2.0
51	20150614	8369.27678571	20115626.3571	2.0	2.0
48	20150615	8369.27678571	20115626.3571	2.0	2.0
48	20150616	8369.27678571	20115626.3571	2.0	2.0
59	20150617	8369.27678571	20115626.3571	2.0	2.0
53	20150618	8369.27678571	20115626.3571	2.0	2.0
57	20150619	8369.27678571	20115626.3571	2.0	2.0
73	20150620	8369.27678571	20115626.3571	2.0	2.0
126	20150621	8369.27678571	20115626.3571	2.0	2.0
60	20150622	8369.27678571	20115626.3571	2.0	2.0
62	20150623	8369.27678571	20115626.3571	2.0	2.0
51	20150624	8369.27678571	20115626.3571	2.0	2.0
69	20150625	8369.27678571	20115626.3571	2.0	2.0
76	20150626	8369.27678571	20115626.3571	2.0	2.0
68	20150627	8369.27678571	20115626.3571	2.0	2.0
82	20150628	8369.27678571	20115626.3571	2.0	2.0
90	20150629	8369.27678571	20115626.3571	2.0	2.0
59	20150630	8369.27678571	20115626.3571	2.0	2.0
72	20150701	8369.27678571	20115626.3571	2.0	2.0
67	20150702	8369.27678571	20115626.3571	2.0	2.0
72	20150703	8369.27678571	20115626.3571	2.0	2.0
54	20150704	8369.27678571	20115626.3571	2.0	2.0
62	20150705	8369.27678571	20115626.3571	2.0	2.0
91	20150706	8369.27678571	20115626.3571	2.0	2.0
107	20150707	8369.27678571	20115626.3571	2.0	2.0
55	20150708	8369.27678571	20115626.3571	2.0	2.0
78	20150709	8369.27678571	20115626.3571	2.0	2.0
163	20150710	8369.27678571	20115626.3571	2.0	2.0
61	20150711	8369.27678571	20115626.3571	2.0	2.0
64	20150712	8369.27678571	20115626.3571	2.0	2.0
66	20150713	8369.27678571	20115626.3571	2.0	2.0
68	20150714	8369.27678571	20115626.3571	2.0	2.0
87	20150715	8369.27678571	20115626.3571	2.0	2.0
46	20150716	8369.27678571	20115626.3571	2.0	2.0
92	20150717	8369.27678571	20115626.3571	2.0	2.0
49	20150718	8369.27678571	20115626.3571	2.0	2.0
113	20150719	8369.27678571	20115626.3571	2.0	2.0
54	20150720	8369.27678571	20115626.3571	2.0	2.0
54	20150721	8369.27678571	20115626.3571	2.0	2.0
56	20150722	8369.27678571	20115626.3571	2.0	2.0
75	20150723	8369.27678571	20115626.3571	2.0	2.0
71	20150724	8369.27678571	20115626.3571	2.0	2.0
71	20150725	8369.27678571	20115626.3571	2.0	2.0
58	20150726	8369.27678571	20115626.3571	2.0	2.0
52	20150727	8369.27678571	20115626.3571	2.0	2.0
52	20150728	8369.27678571	20115626.3571	2.0	2.0
59	20150729	8369.27678571	20115626.3571	2.0	2.0
50	20150730	8369.27678571	20115626.3571	2.0	2.0
73	20150731	8369.27678571	20115626.3571	2.0	2.0
76	20150801	8369.27678571	20115626.3571	2.0	2.0
59	20150802	8369.27678571	20115626.3571	2.0	2.0
60	20150803	8369.27678571	20115626.3571	2.0	2.0
64	20150804	8369.27678571	20115626.3571	2.0	2.0
64	20150805	8369.27678571	20115626.3571	2.0	2.0
76	20150806	8369.27678571	20115626.3571	2.0	2.0
78	20150807	8369.27678571	20115626.3571	2.0	2.0
47	20150808	8369.27678571	20115626.3571	2.0	2.0
55	20150809	8369.27678571	20115626.3571	2.0	2.0
43	20150810	8369.27678571	20115626.3571	2.0	2.0
53	20150811	8369.27678571	20115626.3571	2.0	2.0
55	20150812	8369.27678571	20115626.3571	2.0	2.0
55	20150813	8369.27678571	20115626.3571	2.0	2.0
66	20150814	8369.27678571	20115626.3571	2.0	2.0
59	20150815	8369.27678571	20115626.3571	2.0	2.0
70	20150816	8369.27678571	20115626.3571	2.0	2.0
54	20150817	8369.27678571	20115626.3571	2.0	2.0
66	20150818	8369.27678571	20115626.3571	2.0	2.0
93	20150819	8369.27678571	20115626.3571	2.0	2.0
75	20150820	8369.27678571	20115626.3571	2.0	2.0
79	20150821	8369.27678571	20115626.3571	2.0	2.0
88	20150822	8369.27678571	20115626.3571	2.0	2.0
65	20150823	8369.27678571	20115626.3571	2.0	2.0
74	20150824	8369.27678571	20115626.3571	2.0	2.0
69	20150825	8369.27678571	20115626.3571	2.0	2.0
60	20150826	8369.27678571	20115626.3571	2.0	2.0
96	20150827	8369.27678571	20115626.3571	2.0	2.0
83	20150828	8369.27678571	20115626.3571	2.0	2.0
76	20150829	8369.27678571	20115626.3571	2.0	2.0
83	20150830	8369.27678571	20115626.3571	2.0	2.0
