119	20150301	57475.0350877	20125060.4035	3.0	1.0
130	20150302	57475.0350877	20125060.4035	3.0	1.0
110	20150303	57475.0350877	20125060.4035	3.0	1.0
153	20150304	57475.0350877	20125060.4035	3.0	1.0
168	20150305	57475.0350877	20125060.4035	3.0	1.0
150	20150306	57475.0350877	20125060.4035	3.0	1.0
179	20150307	57475.0350877	20125060.4035	3.0	1.0
153	20150308	57475.0350877	20125060.4035	3.0	1.0
139	20150309	57475.0350877	20125060.4035	3.0	1.0
231	20150310	57475.0350877	20125060.4035	3.0	1.0
238	20150311	57475.0350877	20125060.4035	3.0	1.0
135	20150312	57475.0350877	20125060.4035	3.0	1.0
185	20150313	57475.0350877	20125060.4035	3.0	1.0
315	20150314	57475.0350877	20125060.4035	3.0	1.0
245	20150315	57475.0350877	20125060.4035	3.0	1.0
184	20150316	57475.0350877	20125060.4035	3.0	1.0
253	20150317	57475.0350877	20125060.4035	3.0	1.0
668	20150318	57475.0350877	20125060.4035	3.0	1.0
342	20150319	57475.0350877	20125060.4035	3.0	1.0
289	20150320	57475.0350877	20125060.4035	3.0	1.0
331	20150321	57475.0350877	20125060.4035	3.0	1.0
270	20150322	57475.0350877	20125060.4035	3.0	1.0
390	20150323	57475.0350877	20125060.4035	3.0	1.0
578	20150324	57475.0350877	20125060.4035	3.0	1.0
611	20150325	57475.0350877	20125060.4035	3.0	1.0
739	20150326	57475.0350877	20125060.4035	3.0	1.0
605	20150327	57475.0350877	20125060.4035	3.0	1.0
632	20150328	57475.0350877	20125060.4035	3.0	1.0
593	20150329	57475.0350877	20125060.4035	3.0	1.0
603	20150330	57475.0350877	20125060.4035	3.0	1.0
501	20150331	57475.0350877	20125060.4035	3.0	1.0
552	20150401	57475.0350877	20125060.4035	3.0	1.0
481	20150402	57475.0350877	20125060.4035	3.0	1.0
462	20150403	57475.0350877	20125060.4035	3.0	1.0
462	20150404	57475.0350877	20125060.4035	3.0	1.0
459	20150405	57475.0350877	20125060.4035	3.0	1.0
453	20150406	57475.0350877	20125060.4035	3.0	1.0
539	20150407	57475.0350877	20125060.4035	3.0	1.0
556	20150408	57475.0350877	20125060.4035	3.0	1.0
456	20150409	57475.0350877	20125060.4035	3.0	1.0
611	20150410	57475.0350877	20125060.4035	3.0	1.0
559	20150411	57475.0350877	20125060.4035	3.0	1.0
460	20150412	57475.0350877	20125060.4035	3.0	1.0
453	20150413	57475.0350877	20125060.4035	3.0	1.0
494	20150414	57475.0350877	20125060.4035	3.0	1.0
534	20150415	57475.0350877	20125060.4035	3.0	1.0
491	20150416	57475.0350877	20125060.4035	3.0	1.0
499	20150417	57475.0350877	20125060.4035	3.0	1.0
612	20150418	57475.0350877	20125060.4035	3.0	1.0
630	20150419	57475.0350877	20125060.4035	3.0	1.0
459	20150420	57475.0350877	20125060.4035	3.0	1.0
541	20150421	57475.0350877	20125060.4035	3.0	1.0
546	20150422	57475.0350877	20125060.4035	3.0	1.0
489	20150423	57475.0350877	20125060.4035	3.0	1.0
424	20150424	57475.0350877	20125060.4035	3.0	1.0
444	20150425	57475.0350877	20125060.4035	3.0	1.0
451	20150426	57475.0350877	20125060.4035	3.0	1.0
386	20150427	57475.0350877	20125060.4035	3.0	1.0
533	20150428	57475.0350877	20125060.4035	3.0	1.0
486	20150429	57475.0350877	20125060.4035	3.0	1.0
437	20150430	57475.0350877	20125060.4035	3.0	1.0
459	20150501	57475.0350877	20125060.4035	3.0	1.0
380	20150502	57475.0350877	20125060.4035	3.0	1.0
469	20150503	57475.0350877	20125060.4035	3.0	1.0
556	20150504	57475.0350877	20125060.4035	3.0	1.0
490	20150505	57475.0350877	20125060.4035	3.0	1.0
398	20150506	57475.0350877	20125060.4035	3.0	1.0
400	20150507	57475.0350877	20125060.4035	3.0	1.0
390	20150508	57475.0350877	20125060.4035	3.0	1.0
395	20150509	57475.0350877	20125060.4035	3.0	1.0
337	20150510	57475.0350877	20125060.4035	3.0	1.0
295	20150511	57475.0350877	20125060.4035	3.0	1.0
396	20150512	57475.0350877	20125060.4035	3.0	1.0
431	20150513	57475.0350877	20125060.4035	3.0	1.0
403	20150514	57475.0350877	20125060.4035	3.0	1.0
382	20150515	57475.0350877	20125060.4035	3.0	1.0
400	20150516	57475.0350877	20125060.4035	3.0	1.0
321	20150517	57475.0350877	20125060.4035	3.0	1.0
343	20150518	57475.0350877	20125060.4035	3.0	1.0
353	20150519	57475.0350877	20125060.4035	3.0	1.0
362	20150520	57475.0350877	20125060.4035	3.0	1.0
399	20150521	57475.0350877	20125060.4035	3.0	1.0
312	20150522	57475.0350877	20125060.4035	3.0	1.0
340	20150523	57475.0350877	20125060.4035	3.0	1.0
330	20150524	57475.0350877	20125060.4035	3.0	1.0
373	20150525	57475.0350877	20125060.4035	3.0	1.0
393	20150526	57475.0350877	20125060.4035	3.0	1.0
478	20150527	57475.0350877	20125060.4035	3.0	1.0
513	20150528	57475.0350877	20125060.4035	3.0	1.0
604	20150529	57475.0350877	20125060.4035	3.0	1.0
572	20150530	57475.0350877	20125060.4035	3.0	1.0
532	20150531	57475.0350877	20125060.4035	3.0	1.0
530	20150601	57475.0350877	20125060.4035	3.0	1.0
486	20150602	57475.0350877	20125060.4035	3.0	1.0
631	20150603	57475.0350877	20125060.4035	3.0	1.0
628	20150604	57475.0350877	20125060.4035	3.0	1.0
685	20150605	57475.0350877	20125060.4035	3.0	1.0
616	20150606	57475.0350877	20125060.4035	3.0	1.0
513	20150607	57475.0350877	20125060.4035	3.0	1.0
499	20150608	57475.0350877	20125060.4035	3.0	1.0
457	20150609	57475.0350877	20125060.4035	3.0	1.0
462	20150610	57475.0350877	20125060.4035	3.0	1.0
508	20150611	57475.0350877	20125060.4035	3.0	1.0
492	20150612	57475.0350877	20125060.4035	3.0	1.0
506	20150613	57475.0350877	20125060.4035	3.0	1.0
565	20150614	57475.0350877	20125060.4035	3.0	1.0
642	20150615	57475.0350877	20125060.4035	3.0	1.0
492	20150616	57475.0350877	20125060.4035	3.0	1.0
419	20150617	57475.0350877	20125060.4035	3.0	1.0
487	20150618	57475.0350877	20125060.4035	3.0	1.0
492	20150619	57475.0350877	20125060.4035	3.0	1.0
425	20150620	57475.0350877	20125060.4035	3.0	1.0
398	20150621	57475.0350877	20125060.4035	3.0	1.0
355	20150622	57475.0350877	20125060.4035	3.0	1.0
413	20150623	57475.0350877	20125060.4035	3.0	1.0
410	20150624	57475.0350877	20125060.4035	3.0	1.0
419	20150625	57475.0350877	20125060.4035	3.0	1.0
444	20150626	57475.0350877	20125060.4035	3.0	1.0
418	20150627	57475.0350877	20125060.4035	3.0	1.0
361	20150628	57475.0350877	20125060.4035	3.0	1.0
422	20150629	57475.0350877	20125060.4035	3.0	1.0
433	20150630	57475.0350877	20125060.4035	3.0	1.0
402	20150701	57475.0350877	20125060.4035	3.0	1.0
470	20150702	57475.0350877	20125060.4035	3.0	1.0
464	20150703	57475.0350877	20125060.4035	3.0	1.0
329	20150704	57475.0350877	20125060.4035	3.0	1.0
393	20150705	57475.0350877	20125060.4035	3.0	1.0
367	20150706	57475.0350877	20125060.4035	3.0	1.0
458	20150707	57475.0350877	20125060.4035	3.0	1.0
312	20150708	57475.0350877	20125060.4035	3.0	1.0
344	20150709	57475.0350877	20125060.4035	3.0	1.0
445	20150710	57475.0350877	20125060.4035	3.0	1.0
434	20150711	57475.0350877	20125060.4035	3.0	1.0
348	20150712	57475.0350877	20125060.4035	3.0	1.0
459	20150713	57475.0350877	20125060.4035	3.0	1.0
415	20150714	57475.0350877	20125060.4035	3.0	1.0
500	20150715	57475.0350877	20125060.4035	3.0	1.0
526	20150716	57475.0350877	20125060.4035	3.0	1.0
403	20150717	57475.0350877	20125060.4035	3.0	1.0
349	20150718	57475.0350877	20125060.4035	3.0	1.0
353	20150719	57475.0350877	20125060.4035	3.0	1.0
364	20150720	57475.0350877	20125060.4035	3.0	1.0
361	20150721	57475.0350877	20125060.4035	3.0	1.0
385	20150722	57475.0350877	20125060.4035	3.0	1.0
391	20150723	57475.0350877	20125060.4035	3.0	1.0
404	20150724	57475.0350877	20125060.4035	3.0	1.0
418	20150725	57475.0350877	20125060.4035	3.0	1.0
353	20150726	57475.0350877	20125060.4035	3.0	1.0
390	20150727	57475.0350877	20125060.4035	3.0	1.0
307	20150728	57475.0350877	20125060.4035	3.0	1.0
431	20150729	57475.0350877	20125060.4035	3.0	1.0
379	20150730	57475.0350877	20125060.4035	3.0	1.0
378	20150731	57475.0350877	20125060.4035	3.0	1.0
287	20150801	57475.0350877	20125060.4035	3.0	1.0
271	20150802	57475.0350877	20125060.4035	3.0	1.0
406	20150803	57475.0350877	20125060.4035	3.0	1.0
374	20150804	57475.0350877	20125060.4035	3.0	1.0
314	20150805	57475.0350877	20125060.4035	3.0	1.0
352	20150806	57475.0350877	20125060.4035	3.0	1.0
331	20150807	57475.0350877	20125060.4035	3.0	1.0
305	20150808	57475.0350877	20125060.4035	3.0	1.0
292	20150809	57475.0350877	20125060.4035	3.0	1.0
341	20150810	57475.0350877	20125060.4035	3.0	1.0
392	20150811	57475.0350877	20125060.4035	3.0	1.0
443	20150812	57475.0350877	20125060.4035	3.0	1.0
403	20150813	57475.0350877	20125060.4035	3.0	1.0
414	20150814	57475.0350877	20125060.4035	3.0	1.0
413	20150815	57475.0350877	20125060.4035	3.0	1.0
410	20150816	57475.0350877	20125060.4035	3.0	1.0
405	20150817	57475.0350877	20125060.4035	3.0	1.0
448	20150818	57475.0350877	20125060.4035	3.0	1.0
768	20150819	57475.0350877	20125060.4035	3.0	1.0
736	20150820	57475.0350877	20125060.4035	3.0	1.0
644	20150821	57475.0350877	20125060.4035	3.0	1.0
482	20150822	57475.0350877	20125060.4035	3.0	1.0
463	20150823	57475.0350877	20125060.4035	3.0	1.0
516	20150824	57475.0350877	20125060.4035	3.0	1.0
505	20150825	57475.0350877	20125060.4035	3.0	1.0
472	20150826	57475.0350877	20125060.4035	3.0	1.0
467	20150827	57475.0350877	20125060.4035	3.0	1.0
414	20150828	57475.0350877	20125060.4035	3.0	1.0
422	20150829	57475.0350877	20125060.4035	3.0	1.0
366	20150830	57475.0350877	20125060.4035	3.0	1.0
