30	20150301	1375.15036496	20065936.7723	2.0	1.0
34	20150302	1375.15036496	20065936.7723	2.0	1.0
55	20150303	1375.15036496	20065936.7723	2.0	1.0
24	20150304	1375.15036496	20065936.7723	2.0	1.0
28	20150305	1375.15036496	20065936.7723	2.0	1.0
18	20150306	1375.15036496	20065936.7723	2.0	1.0
41	20150307	1375.15036496	20065936.7723	2.0	1.0
48	20150308	1375.15036496	20065936.7723	2.0	1.0
39	20150309	1375.15036496	20065936.7723	2.0	1.0
31	20150310	1375.15036496	20065936.7723	2.0	1.0
43	20150311	1375.15036496	20065936.7723	2.0	1.0
38	20150312	1375.15036496	20065936.7723	2.0	1.0
24	20150313	1375.15036496	20065936.7723	2.0	1.0
25	20150314	1375.15036496	20065936.7723	2.0	1.0
21	20150315	1375.15036496	20065936.7723	2.0	1.0
32	20150316	1375.15036496	20065936.7723	2.0	1.0
34	20150317	1375.15036496	20065936.7723	2.0	1.0
61	20150318	1375.15036496	20065936.7723	2.0	1.0
33	20150319	1375.15036496	20065936.7723	2.0	1.0
44	20150320	1375.15036496	20065936.7723	2.0	1.0
24	20150321	1375.15036496	20065936.7723	2.0	1.0
31	20150322	1375.15036496	20065936.7723	2.0	1.0
43	20150323	1375.15036496	20065936.7723	2.0	1.0
55	20150324	1375.15036496	20065936.7723	2.0	1.0
66	20150325	1375.15036496	20065936.7723	2.0	1.0
36	20150326	1375.15036496	20065936.7723	2.0	1.0
48	20150327	1375.15036496	20065936.7723	2.0	1.0
95	20150328	1375.15036496	20065936.7723	2.0	1.0
44	20150329	1375.15036496	20065936.7723	2.0	1.0
42	20150330	1375.15036496	20065936.7723	2.0	1.0
74	20150331	1375.15036496	20065936.7723	2.0	1.0
101	20150401	1375.15036496	20065936.7723	2.0	1.0
75	20150402	1375.15036496	20065936.7723	2.0	1.0
93	20150403	1375.15036496	20065936.7723	2.0	1.0
76	20150404	1375.15036496	20065936.7723	2.0	1.0
49	20150405	1375.15036496	20065936.7723	2.0	1.0
64	20150406	1375.15036496	20065936.7723	2.0	1.0
57	20150407	1375.15036496	20065936.7723	2.0	1.0
63	20150408	1375.15036496	20065936.7723	2.0	1.0
79	20150409	1375.15036496	20065936.7723	2.0	1.0
65	20150410	1375.15036496	20065936.7723	2.0	1.0
48	20150411	1375.15036496	20065936.7723	2.0	1.0
76	20150412	1375.15036496	20065936.7723	2.0	1.0
48	20150413	1375.15036496	20065936.7723	2.0	1.0
81	20150414	1375.15036496	20065936.7723	2.0	1.0
66	20150415	1375.15036496	20065936.7723	2.0	1.0
61	20150416	1375.15036496	20065936.7723	2.0	1.0
88	20150417	1375.15036496	20065936.7723	2.0	1.0
47	20150418	1375.15036496	20065936.7723	2.0	1.0
71	20150419	1375.15036496	20065936.7723	2.0	1.0
68	20150420	1375.15036496	20065936.7723	2.0	1.0
78	20150421	1375.15036496	20065936.7723	2.0	1.0
87	20150422	1375.15036496	20065936.7723	2.0	1.0
72	20150423	1375.15036496	20065936.7723	2.0	1.0
111	20150424	1375.15036496	20065936.7723	2.0	1.0
93	20150425	1375.15036496	20065936.7723	2.0	1.0
124	20150426	1375.15036496	20065936.7723	2.0	1.0
82	20150427	1375.15036496	20065936.7723	2.0	1.0
148	20150428	1375.15036496	20065936.7723	2.0	1.0
117	20150429	1375.15036496	20065936.7723	2.0	1.0
125	20150430	1375.15036496	20065936.7723	2.0	1.0
150	20150501	1375.15036496	20065936.7723	2.0	1.0
74	20150502	1375.15036496	20065936.7723	2.0	1.0
103	20150503	1375.15036496	20065936.7723	2.0	1.0
104	20150504	1375.15036496	20065936.7723	2.0	1.0
95	20150505	1375.15036496	20065936.7723	2.0	1.0
105	20150506	1375.15036496	20065936.7723	2.0	1.0
90	20150507	1375.15036496	20065936.7723	2.0	1.0
120	20150508	1375.15036496	20065936.7723	2.0	1.0
98	20150509	1375.15036496	20065936.7723	2.0	1.0
79	20150510	1375.15036496	20065936.7723	2.0	1.0
64	20150511	1375.15036496	20065936.7723	2.0	1.0
112	20150512	1375.15036496	20065936.7723	2.0	1.0
149	20150513	1375.15036496	20065936.7723	2.0	1.0
130	20150514	1375.15036496	20065936.7723	2.0	1.0
129	20150515	1375.15036496	20065936.7723	2.0	1.0
104	20150516	1375.15036496	20065936.7723	2.0	1.0
131	20150517	1375.15036496	20065936.7723	2.0	1.0
148	20150518	1375.15036496	20065936.7723	2.0	1.0
143	20150519	1375.15036496	20065936.7723	2.0	1.0
123	20150520	1375.15036496	20065936.7723	2.0	1.0
122	20150521	1375.15036496	20065936.7723	2.0	1.0
177	20150522	1375.15036496	20065936.7723	2.0	1.0
123	20150523	1375.15036496	20065936.7723	2.0	1.0
88	20150524	1375.15036496	20065936.7723	2.0	1.0
138	20150525	1375.15036496	20065936.7723	2.0	1.0
92	20150526	1375.15036496	20065936.7723	2.0	1.0
101	20150527	1375.15036496	20065936.7723	2.0	1.0
98	20150528	1375.15036496	20065936.7723	2.0	1.0
109	20150529	1375.15036496	20065936.7723	2.0	1.0
92	20150530	1375.15036496	20065936.7723	2.0	1.0
83	20150531	1375.15036496	20065936.7723	2.0	1.0
121	20150601	1375.15036496	20065936.7723	2.0	1.0
111	20150602	1375.15036496	20065936.7723	2.0	1.0
163	20150603	1375.15036496	20065936.7723	2.0	1.0
109	20150604	1375.15036496	20065936.7723	2.0	1.0
122	20150605	1375.15036496	20065936.7723	2.0	1.0
95	20150606	1375.15036496	20065936.7723	2.0	1.0
135	20150607	1375.15036496	20065936.7723	2.0	1.0
127	20150608	1375.15036496	20065936.7723	2.0	1.0
154	20150609	1375.15036496	20065936.7723	2.0	1.0
133	20150610	1375.15036496	20065936.7723	2.0	1.0
168	20150611	1375.15036496	20065936.7723	2.0	1.0
101	20150612	1375.15036496	20065936.7723	2.0	1.0
92	20150613	1375.15036496	20065936.7723	2.0	1.0
107	20150614	1375.15036496	20065936.7723	2.0	1.0
93	20150615	1375.15036496	20065936.7723	2.0	1.0
134	20150616	1375.15036496	20065936.7723	2.0	1.0
136	20150617	1375.15036496	20065936.7723	2.0	1.0
168	20150618	1375.15036496	20065936.7723	2.0	1.0
156	20150619	1375.15036496	20065936.7723	2.0	1.0
101	20150620	1375.15036496	20065936.7723	2.0	1.0
67	20150621	1375.15036496	20065936.7723	2.0	1.0
138	20150622	1375.15036496	20065936.7723	2.0	1.0
127	20150623	1375.15036496	20065936.7723	2.0	1.0
126	20150624	1375.15036496	20065936.7723	2.0	1.0
121	20150625	1375.15036496	20065936.7723	2.0	1.0
110	20150626	1375.15036496	20065936.7723	2.0	1.0
148	20150627	1375.15036496	20065936.7723	2.0	1.0
91	20150628	1375.15036496	20065936.7723	2.0	1.0
213	20150629	1375.15036496	20065936.7723	2.0	1.0
100	20150630	1375.15036496	20065936.7723	2.0	1.0
151	20150701	1375.15036496	20065936.7723	2.0	1.0
225	20150702	1375.15036496	20065936.7723	2.0	1.0
258	20150703	1375.15036496	20065936.7723	2.0	1.0
141	20150704	1375.15036496	20065936.7723	2.0	1.0
205	20150705	1375.15036496	20065936.7723	2.0	1.0
158	20150706	1375.15036496	20065936.7723	2.0	1.0
217	20150707	1375.15036496	20065936.7723	2.0	1.0
114	20150708	1375.15036496	20065936.7723	2.0	1.0
148	20150709	1375.15036496	20065936.7723	2.0	1.0
135	20150710	1375.15036496	20065936.7723	2.0	1.0
172	20150711	1375.15036496	20065936.7723	2.0	1.0
79	20150712	1375.15036496	20065936.7723	2.0	1.0
208	20150713	1375.15036496	20065936.7723	2.0	1.0
158	20150714	1375.15036496	20065936.7723	2.0	1.0
166	20150715	1375.15036496	20065936.7723	2.0	1.0
149	20150716	1375.15036496	20065936.7723	2.0	1.0
113	20150717	1375.15036496	20065936.7723	2.0	1.0
85	20150718	1375.15036496	20065936.7723	2.0	1.0
153	20150719	1375.15036496	20065936.7723	2.0	1.0
141	20150720	1375.15036496	20065936.7723	2.0	1.0
131	20150721	1375.15036496	20065936.7723	2.0	1.0
97	20150722	1375.15036496	20065936.7723	2.0	1.0
159	20150723	1375.15036496	20065936.7723	2.0	1.0
124	20150724	1375.15036496	20065936.7723	2.0	1.0
91	20150725	1375.15036496	20065936.7723	2.0	1.0
185	20150726	1375.15036496	20065936.7723	2.0	1.0
115	20150727	1375.15036496	20065936.7723	2.0	1.0
120	20150728	1375.15036496	20065936.7723	2.0	1.0
123	20150729	1375.15036496	20065936.7723	2.0	1.0
143	20150730	1375.15036496	20065936.7723	2.0	1.0
184	20150731	1375.15036496	20065936.7723	2.0	1.0
230	20150801	1375.15036496	20065936.7723	2.0	1.0
127	20150802	1375.15036496	20065936.7723	2.0	1.0
236	20150803	1375.15036496	20065936.7723	2.0	1.0
162	20150804	1375.15036496	20065936.7723	2.0	1.0
238	20150805	1375.15036496	20065936.7723	2.0	1.0
215	20150806	1375.15036496	20065936.7723	2.0	1.0
217	20150807	1375.15036496	20065936.7723	2.0	1.0
167	20150808	1375.15036496	20065936.7723	2.0	1.0
171	20150809	1375.15036496	20065936.7723	2.0	1.0
278	20150810	1375.15036496	20065936.7723	2.0	1.0
248	20150811	1375.15036496	20065936.7723	2.0	1.0
199	20150812	1375.15036496	20065936.7723	2.0	1.0
150	20150813	1375.15036496	20065936.7723	2.0	1.0
177	20150814	1375.15036496	20065936.7723	2.0	1.0
133	20150815	1375.15036496	20065936.7723	2.0	1.0
175	20150816	1375.15036496	20065936.7723	2.0	1.0
203	20150817	1375.15036496	20065936.7723	2.0	1.0
144	20150818	1375.15036496	20065936.7723	2.0	1.0
199	20150819	1375.15036496	20065936.7723	2.0	1.0
156	20150820	1375.15036496	20065936.7723	2.0	1.0
172	20150821	1375.15036496	20065936.7723	2.0	1.0
153	20150822	1375.15036496	20065936.7723	2.0	1.0
140	20150823	1375.15036496	20065936.7723	2.0	1.0
293	20150824	1375.15036496	20065936.7723	2.0	1.0
214	20150825	1375.15036496	20065936.7723	2.0	1.0
274	20150826	1375.15036496	20065936.7723	2.0	1.0
266	20150827	1375.15036496	20065936.7723	2.0	1.0
178	20150828	1375.15036496	20065936.7723	2.0	1.0
146	20150829	1375.15036496	20065936.7723	2.0	1.0
158	20150830	1375.15036496	20065936.7723	2.0	1.0
