47	20150301	28690.0363636	20123759.1273	3.0	3.0
47	20150302	28690.0363636	20123759.1273	3.0	3.0
49	20150303	28690.0363636	20123759.1273	3.0	3.0
68	20150304	28690.0363636	20123759.1273	3.0	3.0
67	20150305	28690.0363636	20123759.1273	3.0	3.0
63	20150306	28690.0363636	20123759.1273	3.0	3.0
47	20150307	28690.0363636	20123759.1273	3.0	3.0
36	20150308	28690.0363636	20123759.1273	3.0	3.0
58	20150309	28690.0363636	20123759.1273	3.0	3.0
284	20150310	28690.0363636	20123759.1273	3.0	3.0
143	20150311	28690.0363636	20123759.1273	3.0	3.0
162	20150312	28690.0363636	20123759.1273	3.0	3.0
142	20150313	28690.0363636	20123759.1273	3.0	3.0
133	20150314	28690.0363636	20123759.1273	3.0	3.0
107	20150315	28690.0363636	20123759.1273	3.0	3.0
175	20150316	28690.0363636	20123759.1273	3.0	3.0
290	20150317	28690.0363636	20123759.1273	3.0	3.0
390	20150318	28690.0363636	20123759.1273	3.0	3.0
363	20150319	28690.0363636	20123759.1273	3.0	3.0
401	20150320	28690.0363636	20123759.1273	3.0	3.0
349	20150321	28690.0363636	20123759.1273	3.0	3.0
331	20150322	28690.0363636	20123759.1273	3.0	3.0
385	20150323	28690.0363636	20123759.1273	3.0	3.0
277	20150324	28690.0363636	20123759.1273	3.0	3.0
249	20150325	28690.0363636	20123759.1273	3.0	3.0
216	20150326	28690.0363636	20123759.1273	3.0	3.0
231	20150327	28690.0363636	20123759.1273	3.0	3.0
285	20150328	28690.0363636	20123759.1273	3.0	3.0
216	20150329	28690.0363636	20123759.1273	3.0	3.0
172	20150330	28690.0363636	20123759.1273	3.0	3.0
226	20150331	28690.0363636	20123759.1273	3.0	3.0
169	20150401	28690.0363636	20123759.1273	3.0	3.0
225	20150402	28690.0363636	20123759.1273	3.0	3.0
203	20150403	28690.0363636	20123759.1273	3.0	3.0
161	20150404	28690.0363636	20123759.1273	3.0	3.0
173	20150405	28690.0363636	20123759.1273	3.0	3.0
144	20150406	28690.0363636	20123759.1273	3.0	3.0
227	20150407	28690.0363636	20123759.1273	3.0	3.0
181	20150408	28690.0363636	20123759.1273	3.0	3.0
176	20150409	28690.0363636	20123759.1273	3.0	3.0
163	20150410	28690.0363636	20123759.1273	3.0	3.0
177	20150411	28690.0363636	20123759.1273	3.0	3.0
157	20150412	28690.0363636	20123759.1273	3.0	3.0
159	20150413	28690.0363636	20123759.1273	3.0	3.0
145	20150414	28690.0363636	20123759.1273	3.0	3.0
154	20150415	28690.0363636	20123759.1273	3.0	3.0
165	20150416	28690.0363636	20123759.1273	3.0	3.0
182	20150417	28690.0363636	20123759.1273	3.0	3.0
197	20150418	28690.0363636	20123759.1273	3.0	3.0
186	20150419	28690.0363636	20123759.1273	3.0	3.0
168	20150420	28690.0363636	20123759.1273	3.0	3.0
211	20150421	28690.0363636	20123759.1273	3.0	3.0
182	20150422	28690.0363636	20123759.1273	3.0	3.0
199	20150423	28690.0363636	20123759.1273	3.0	3.0
174	20150424	28690.0363636	20123759.1273	3.0	3.0
177	20150425	28690.0363636	20123759.1273	3.0	3.0
178	20150426	28690.0363636	20123759.1273	3.0	3.0
189	20150427	28690.0363636	20123759.1273	3.0	3.0
218	20150428	28690.0363636	20123759.1273	3.0	3.0
151	20150429	28690.0363636	20123759.1273	3.0	3.0
238	20150430	28690.0363636	20123759.1273	3.0	3.0
163	20150501	28690.0363636	20123759.1273	3.0	3.0
139	20150502	28690.0363636	20123759.1273	3.0	3.0
174	20150503	28690.0363636	20123759.1273	3.0	3.0
156	20150504	28690.0363636	20123759.1273	3.0	3.0
178	20150505	28690.0363636	20123759.1273	3.0	3.0
217	20150506	28690.0363636	20123759.1273	3.0	3.0
194	20150507	28690.0363636	20123759.1273	3.0	3.0
171	20150508	28690.0363636	20123759.1273	3.0	3.0
130	20150509	28690.0363636	20123759.1273	3.0	3.0
164	20150510	28690.0363636	20123759.1273	3.0	3.0
219	20150511	28690.0363636	20123759.1273	3.0	3.0
244	20150512	28690.0363636	20123759.1273	3.0	3.0
177	20150513	28690.0363636	20123759.1273	3.0	3.0
172	20150514	28690.0363636	20123759.1273	3.0	3.0
173	20150515	28690.0363636	20123759.1273	3.0	3.0
182	20150516	28690.0363636	20123759.1273	3.0	3.0
224	20150517	28690.0363636	20123759.1273	3.0	3.0
197	20150518	28690.0363636	20123759.1273	3.0	3.0
167	20150519	28690.0363636	20123759.1273	3.0	3.0
184	20150520	28690.0363636	20123759.1273	3.0	3.0
202	20150521	28690.0363636	20123759.1273	3.0	3.0
196	20150522	28690.0363636	20123759.1273	3.0	3.0
183	20150523	28690.0363636	20123759.1273	3.0	3.0
199	20150524	28690.0363636	20123759.1273	3.0	3.0
243	20150525	28690.0363636	20123759.1273	3.0	3.0
172	20150526	28690.0363636	20123759.1273	3.0	3.0
234	20150527	28690.0363636	20123759.1273	3.0	3.0
168	20150528	28690.0363636	20123759.1273	3.0	3.0
180	20150529	28690.0363636	20123759.1273	3.0	3.0
181	20150530	28690.0363636	20123759.1273	3.0	3.0
190	20150531	28690.0363636	20123759.1273	3.0	3.0
194	20150601	28690.0363636	20123759.1273	3.0	3.0
165	20150602	28690.0363636	20123759.1273	3.0	3.0
260	20150603	28690.0363636	20123759.1273	3.0	3.0
157	20150604	28690.0363636	20123759.1273	3.0	3.0
134	20150605	28690.0363636	20123759.1273	3.0	3.0
140	20150606	28690.0363636	20123759.1273	3.0	3.0
216	20150607	28690.0363636	20123759.1273	3.0	3.0
181	20150608	28690.0363636	20123759.1273	3.0	3.0
201	20150609	28690.0363636	20123759.1273	3.0	3.0
226	20150610	28690.0363636	20123759.1273	3.0	3.0
282	20150611	28690.0363636	20123759.1273	3.0	3.0
189	20150612	28690.0363636	20123759.1273	3.0	3.0
196	20150613	28690.0363636	20123759.1273	3.0	3.0
201	20150614	28690.0363636	20123759.1273	3.0	3.0
123	20150615	28690.0363636	20123759.1273	3.0	3.0
192	20150616	28690.0363636	20123759.1273	3.0	3.0
210	20150617	28690.0363636	20123759.1273	3.0	3.0
222	20150618	28690.0363636	20123759.1273	3.0	3.0
302	20150619	28690.0363636	20123759.1273	3.0	3.0
189	20150620	28690.0363636	20123759.1273	3.0	3.0
135	20150621	28690.0363636	20123759.1273	3.0	3.0
163	20150622	28690.0363636	20123759.1273	3.0	3.0
189	20150623	28690.0363636	20123759.1273	3.0	3.0
203	20150624	28690.0363636	20123759.1273	3.0	3.0
243	20150625	28690.0363636	20123759.1273	3.0	3.0
212	20150626	28690.0363636	20123759.1273	3.0	3.0
307	20150627	28690.0363636	20123759.1273	3.0	3.0
134	20150628	28690.0363636	20123759.1273	3.0	3.0
184	20150629	28690.0363636	20123759.1273	3.0	3.0
139	20150630	28690.0363636	20123759.1273	3.0	3.0
136	20150701	28690.0363636	20123759.1273	3.0	3.0
180	20150702	28690.0363636	20123759.1273	3.0	3.0
186	20150703	28690.0363636	20123759.1273	3.0	3.0
181	20150704	28690.0363636	20123759.1273	3.0	3.0
212	20150705	28690.0363636	20123759.1273	3.0	3.0
190	20150706	28690.0363636	20123759.1273	3.0	3.0
252	20150707	28690.0363636	20123759.1273	3.0	3.0
222	20150708	28690.0363636	20123759.1273	3.0	3.0
245	20150709	28690.0363636	20123759.1273	3.0	3.0
205	20150710	28690.0363636	20123759.1273	3.0	3.0
200	20150711	28690.0363636	20123759.1273	3.0	3.0
227	20150712	28690.0363636	20123759.1273	3.0	3.0
199	20150713	28690.0363636	20123759.1273	3.0	3.0
204	20150714	28690.0363636	20123759.1273	3.0	3.0
194	20150715	28690.0363636	20123759.1273	3.0	3.0
186	20150716	28690.0363636	20123759.1273	3.0	3.0
177	20150717	28690.0363636	20123759.1273	3.0	3.0
171	20150718	28690.0363636	20123759.1273	3.0	3.0
134	20150719	28690.0363636	20123759.1273	3.0	3.0
162	20150720	28690.0363636	20123759.1273	3.0	3.0
185	20150721	28690.0363636	20123759.1273	3.0	3.0
152	20150722	28690.0363636	20123759.1273	3.0	3.0
200	20150723	28690.0363636	20123759.1273	3.0	3.0
187	20150724	28690.0363636	20123759.1273	3.0	3.0
160	20150725	28690.0363636	20123759.1273	3.0	3.0
126	20150726	28690.0363636	20123759.1273	3.0	3.0
143	20150727	28690.0363636	20123759.1273	3.0	3.0
156	20150728	28690.0363636	20123759.1273	3.0	3.0
186	20150729	28690.0363636	20123759.1273	3.0	3.0
141	20150730	28690.0363636	20123759.1273	3.0	3.0
276	20150731	28690.0363636	20123759.1273	3.0	3.0
96	20150801	28690.0363636	20123759.1273	3.0	3.0
133	20150802	28690.0363636	20123759.1273	3.0	3.0
170	20150803	28690.0363636	20123759.1273	3.0	3.0
224	20150804	28690.0363636	20123759.1273	3.0	3.0
155	20150805	28690.0363636	20123759.1273	3.0	3.0
145	20150806	28690.0363636	20123759.1273	3.0	3.0
179	20150807	28690.0363636	20123759.1273	3.0	3.0
176	20150808	28690.0363636	20123759.1273	3.0	3.0
162	20150809	28690.0363636	20123759.1273	3.0	3.0
215	20150810	28690.0363636	20123759.1273	3.0	3.0
204	20150811	28690.0363636	20123759.1273	3.0	3.0
197	20150812	28690.0363636	20123759.1273	3.0	3.0
213	20150813	28690.0363636	20123759.1273	3.0	3.0
218	20150814	28690.0363636	20123759.1273	3.0	3.0
160	20150815	28690.0363636	20123759.1273	3.0	3.0
154	20150816	28690.0363636	20123759.1273	3.0	3.0
192	20150817	28690.0363636	20123759.1273	3.0	3.0
184	20150818	28690.0363636	20123759.1273	3.0	3.0
225	20150819	28690.0363636	20123759.1273	3.0	3.0
287	20150820	28690.0363636	20123759.1273	3.0	3.0
172	20150821	28690.0363636	20123759.1273	3.0	3.0
136	20150822	28690.0363636	20123759.1273	3.0	3.0
129	20150823	28690.0363636	20123759.1273	3.0	3.0
132	20150824	28690.0363636	20123759.1273	3.0	3.0
166	20150825	28690.0363636	20123759.1273	3.0	3.0
167	20150826	28690.0363636	20123759.1273	3.0	3.0
147	20150827	28690.0363636	20123759.1273	3.0	3.0
191	20150828	28690.0363636	20123759.1273	3.0	3.0
124	20150829	28690.0363636	20123759.1273	3.0	3.0
137	20150830	28690.0363636	20123759.1273	3.0	3.0
