7	20150301	1158.0	20063773.3636	3.0	1.0
4	20150302	1158.0	20063773.3636	3.0	1.0
3	20150303	1158.0	20063773.3636	3.0	1.0
5	20150304	1158.0	20063773.3636	3.0	1.0
3	20150305	1158.0	20063773.3636	3.0	1.0
7	20150306	1158.0	20063773.3636	3.0	1.0
3	20150307	1158.0	20063773.3636	3.0	1.0
6	20150308	1158.0	20063773.3636	3.0	1.0
1	20150309	1158.0	20063773.3636	3.0	1.0
3	20150310	1158.0	20063773.3636	3.0	1.0
4	20150311	1158.0	20063773.3636	3.0	1.0
13	20150312	1158.0	20063773.3636	3.0	1.0
5	20150313	1158.0	20063773.3636	3.0	1.0
5	20150314	1158.0	20063773.3636	3.0	1.0
2	20150315	1158.0	20063773.3636	3.0	1.0
5	20150316	1158.0	20063773.3636	3.0	1.0
3	20150317	1158.0	20063773.3636	3.0	1.0
3	20150318	1158.0	20063773.3636	3.0	1.0
3	20150319	1158.0	20063773.3636	3.0	1.0
5	20150320	1158.0	20063773.3636	3.0	1.0
6	20150321	1158.0	20063773.3636	3.0	1.0
3	20150322	1158.0	20063773.3636	3.0	1.0
1	20150323	1158.0	20063773.3636	3.0	1.0
30	20150324	1158.0	20063773.3636	3.0	1.0
6	20150325	1158.0	20063773.3636	3.0	1.0
7	20150326	1158.0	20063773.3636	3.0	1.0
6	20150327	1158.0	20063773.3636	3.0	1.0
10	20150328	1158.0	20063773.3636	3.0	1.0
4	20150329	1158.0	20063773.3636	3.0	1.0
5	20150330	1158.0	20063773.3636	3.0	1.0
13	20150331	1158.0	20063773.3636	3.0	1.0
18	20150401	1158.0	20063773.3636	3.0	1.0
15	20150402	1158.0	20063773.3636	3.0	1.0
7	20150403	1158.0	20063773.3636	3.0	1.0
5	20150404	1158.0	20063773.3636	3.0	1.0
8	20150405	1158.0	20063773.3636	3.0	1.0
8	20150406	1158.0	20063773.3636	3.0	1.0
8	20150407	1158.0	20063773.3636	3.0	1.0
8	20150408	1158.0	20063773.3636	3.0	1.0
8	20150409	1158.0	20063773.3636	3.0	1.0
4	20150410	1158.0	20063773.3636	3.0	1.0
36	20150411	1158.0	20063773.3636	3.0	1.0
13	20150412	1158.0	20063773.3636	3.0	1.0
6	20150413	1158.0	20063773.3636	3.0	1.0
14	20150414	1158.0	20063773.3636	3.0	1.0
21	20150415	1158.0	20063773.3636	3.0	1.0
17	20150416	1158.0	20063773.3636	3.0	1.0
11	20150417	1158.0	20063773.3636	3.0	1.0
8	20150418	1158.0	20063773.3636	3.0	1.0
9	20150419	1158.0	20063773.3636	3.0	1.0
9	20150420	1158.0	20063773.3636	3.0	1.0
7	20150421	1158.0	20063773.3636	3.0	1.0
7	20150422	1158.0	20063773.3636	3.0	1.0
7	20150423	1158.0	20063773.3636	3.0	1.0
4	20150424	1158.0	20063773.3636	3.0	1.0
4	20150425	1158.0	20063773.3636	3.0	1.0
5	20150426	1158.0	20063773.3636	3.0	1.0
6	20150427	1158.0	20063773.3636	3.0	1.0
10	20150428	1158.0	20063773.3636	3.0	1.0
30	20150430	1158.0	20063773.3636	3.0	1.0
2	20150501	1158.0	20063773.3636	3.0	1.0
11	20150502	1158.0	20063773.3636	3.0	1.0
11	20150503	1158.0	20063773.3636	3.0	1.0
6	20150504	1158.0	20063773.3636	3.0	1.0
7	20150505	1158.0	20063773.3636	3.0	1.0
9	20150506	1158.0	20063773.3636	3.0	1.0
8	20150507	1158.0	20063773.3636	3.0	1.0
10	20150508	1158.0	20063773.3636	3.0	1.0
5	20150509	1158.0	20063773.3636	3.0	1.0
8	20150510	1158.0	20063773.3636	3.0	1.0
12	20150511	1158.0	20063773.3636	3.0	1.0
35	20150512	1158.0	20063773.3636	3.0	1.0
17	20150513	1158.0	20063773.3636	3.0	1.0
24	20150514	1158.0	20063773.3636	3.0	1.0
14	20150515	1158.0	20063773.3636	3.0	1.0
5	20150516	1158.0	20063773.3636	3.0	1.0
2	20150517	1158.0	20063773.3636	3.0	1.0
5	20150518	1158.0	20063773.3636	3.0	1.0
3	20150520	1158.0	20063773.3636	3.0	1.0
7	20150521	1158.0	20063773.3636	3.0	1.0
0	20150522	1158.0	20063773.3636	3.0	1.0
3	20150523	1158.0	20063773.3636	3.0	1.0
1	20150524	1158.0	20063773.3636	3.0	1.0
2	20150525	1158.0	20063773.3636	3.0	1.0
4	20150526	1158.0	20063773.3636	3.0	1.0
1	20150527	1158.0	20063773.3636	3.0	1.0
1	20150528	1158.0	20063773.3636	3.0	1.0
1	20150529	1158.0	20063773.3636	3.0	1.0
2	20150530	1158.0	20063773.3636	3.0	1.0
5	20150531	1158.0	20063773.3636	3.0	1.0
2	20150601	1158.0	20063773.3636	3.0	1.0
1	20150602	1158.0	20063773.3636	3.0	1.0
8	20150603	1158.0	20063773.3636	3.0	1.0
31	20150604	1158.0	20063773.3636	3.0	1.0
5	20150605	1158.0	20063773.3636	3.0	1.0
5	20150606	1158.0	20063773.3636	3.0	1.0
6	20150607	1158.0	20063773.3636	3.0	1.0
8	20150608	1158.0	20063773.3636	3.0	1.0
1	20150609	1158.0	20063773.3636	3.0	1.0
2	20150610	1158.0	20063773.3636	3.0	1.0
5	20150611	1158.0	20063773.3636	3.0	1.0
5	20150612	1158.0	20063773.3636	3.0	1.0
1	20150613	1158.0	20063773.3636	3.0	1.0
2	20150614	1158.0	20063773.3636	3.0	1.0
5	20150615	1158.0	20063773.3636	3.0	1.0
3	20150616	1158.0	20063773.3636	3.0	1.0
2	20150617	1158.0	20063773.3636	3.0	1.0
3	20150618	1158.0	20063773.3636	3.0	1.0
8	20150619	1158.0	20063773.3636	3.0	1.0
11	20150620	1158.0	20063773.3636	3.0	1.0
5	20150621	1158.0	20063773.3636	3.0	1.0
8	20150622	1158.0	20063773.3636	3.0	1.0
105	20150623	1158.0	20063773.3636	3.0	1.0
35	20150624	1158.0	20063773.3636	3.0	1.0
59	20150625	1158.0	20063773.3636	3.0	1.0
236	20150626	1158.0	20063773.3636	3.0	1.0
270	20150627	1158.0	20063773.3636	3.0	1.0
157	20150628	1158.0	20063773.3636	3.0	1.0
31	20150629	1158.0	20063773.3636	3.0	1.0
14	20150630	1158.0	20063773.3636	3.0	1.0
3	20150701	1158.0	20063773.3636	3.0	1.0
4	20150702	1158.0	20063773.3636	3.0	1.0
18	20150703	1158.0	20063773.3636	3.0	1.0
7	20150704	1158.0	20063773.3636	3.0	1.0
10	20150705	1158.0	20063773.3636	3.0	1.0
6	20150706	1158.0	20063773.3636	3.0	1.0
10	20150707	1158.0	20063773.3636	3.0	1.0
8	20150708	1158.0	20063773.3636	3.0	1.0
26	20150709	1158.0	20063773.3636	3.0	1.0
17	20150710	1158.0	20063773.3636	3.0	1.0
156	20150711	1158.0	20063773.3636	3.0	1.0
93	20150712	1158.0	20063773.3636	3.0	1.0
181	20150713	1158.0	20063773.3636	3.0	1.0
168	20150714	1158.0	20063773.3636	3.0	1.0
16	20150715	1158.0	20063773.3636	3.0	1.0
8	20150716	1158.0	20063773.3636	3.0	1.0
10	20150717	1158.0	20063773.3636	3.0	1.0
6	20150718	1158.0	20063773.3636	3.0	1.0
7	20150719	1158.0	20063773.3636	3.0	1.0
11	20150720	1158.0	20063773.3636	3.0	1.0
10	20150721	1158.0	20063773.3636	3.0	1.0
9	20150722	1158.0	20063773.3636	3.0	1.0
5	20150723	1158.0	20063773.3636	3.0	1.0
6	20150724	1158.0	20063773.3636	3.0	1.0
4	20150726	1158.0	20063773.3636	3.0	1.0
8	20150727	1158.0	20063773.3636	3.0	1.0
14	20150728	1158.0	20063773.3636	3.0	1.0
2	20150729	1158.0	20063773.3636	3.0	1.0
4	20150730	1158.0	20063773.3636	3.0	1.0
1	20150801	1158.0	20063773.3636	3.0	1.0
5	20150802	1158.0	20063773.3636	3.0	1.0
13	20150803	1158.0	20063773.3636	3.0	1.0
12	20150804	1158.0	20063773.3636	3.0	1.0
11	20150805	1158.0	20063773.3636	3.0	1.0
6	20150806	1158.0	20063773.3636	3.0	1.0
8	20150807	1158.0	20063773.3636	3.0	1.0
10	20150808	1158.0	20063773.3636	3.0	1.0
10	20150809	1158.0	20063773.3636	3.0	1.0
11	20150810	1158.0	20063773.3636	3.0	1.0
6	20150811	1158.0	20063773.3636	3.0	1.0
3	20150812	1158.0	20063773.3636	3.0	1.0
3	20150813	1158.0	20063773.3636	3.0	1.0
6	20150814	1158.0	20063773.3636	3.0	1.0
11	20150815	1158.0	20063773.3636	3.0	1.0
10	20150816	1158.0	20063773.3636	3.0	1.0
19	20150817	1158.0	20063773.3636	3.0	1.0
10	20150818	1158.0	20063773.3636	3.0	1.0
2	20150819	1158.0	20063773.3636	3.0	1.0
15	20150820	1158.0	20063773.3636	3.0	1.0
9	20150821	1158.0	20063773.3636	3.0	1.0
5	20150822	1158.0	20063773.3636	3.0	1.0
13	20150823	1158.0	20063773.3636	3.0	1.0
1	20150824	1158.0	20063773.3636	3.0	1.0
6	20150825	1158.0	20063773.3636	3.0	1.0
1	20150826	1158.0	20063773.3636	3.0	1.0
3	20150827	1158.0	20063773.3636	3.0	1.0
1	20150828	1158.0	20063773.3636	3.0	1.0
11	20150829	1158.0	20063773.3636	3.0	1.0
7	20150830	1158.0	20063773.3636	3.0	1.0
