1388	20150301	33347.0	19976103.0515	3.05314009662	1.0
1415	20150302	33347.0	19976103.0515	3.05314009662	1.0
1503	20150303	33347.0	19976103.0515	3.05314009662	1.0
1866	20150304	33347.0	19976103.0515	3.05314009662	1.0
1496	20150305	33347.0	19976103.0515	3.05314009662	1.0
1262	20150306	33347.0	19976103.0515	3.05314009662	1.0
1483	20150307	33347.0	19976103.0515	3.05314009662	1.0
1263	20150308	33347.0	19976103.0515	3.05314009662	1.0
1219	20150309	33347.0	19976103.0515	3.05314009662	1.0
1260	20150310	33347.0	19976103.0515	3.05314009662	1.0
1486	20150311	33347.0	19976103.0515	3.05314009662	1.0
1501	20150312	33347.0	19976103.0515	3.05314009662	1.0
1619	20150313	33347.0	19976103.0515	3.05314009662	1.0
1711	20150314	33347.0	19976103.0515	3.05314009662	1.0
1639	20150315	33347.0	19976103.0515	3.05314009662	1.0
1438	20150316	33347.0	19976103.0515	3.05314009662	1.0
1588	20150317	33347.0	19976103.0515	3.05314009662	1.0
1463	20150318	33347.0	19976103.0515	3.05314009662	1.0
1502	20150319	33347.0	19976103.0515	3.05314009662	1.0
1801	20150320	33347.0	19976103.0515	3.05314009662	1.0
1559	20150321	33347.0	19976103.0515	3.05314009662	1.0
1419	20150322	33347.0	19976103.0515	3.05314009662	1.0
1414	20150323	33347.0	19976103.0515	3.05314009662	1.0
1554	20150324	33347.0	19976103.0515	3.05314009662	1.0
1664	20150325	33347.0	19976103.0515	3.05314009662	1.0
1589	20150326	33347.0	19976103.0515	3.05314009662	1.0
1595	20150327	33347.0	19976103.0515	3.05314009662	1.0
1459	20150328	33347.0	19976103.0515	3.05314009662	1.0
1631	20150329	33347.0	19976103.0515	3.05314009662	1.0
2749	20150330	33347.0	19976103.0515	3.05314009662	1.0
3261	20150331	33347.0	19976103.0515	3.05314009662	1.0
2560	20150401	33347.0	19976103.0515	3.05314009662	1.0
2311	20150402	33347.0	19976103.0515	3.05314009662	1.0
2044	20150403	33347.0	19976103.0515	3.05314009662	1.0
2214	20150404	33347.0	19976103.0515	3.05314009662	1.0
1968	20150405	33347.0	19976103.0515	3.05314009662	1.0
2216	20150406	33347.0	19976103.0515	3.05314009662	1.0
1980	20150407	33347.0	19976103.0515	3.05314009662	1.0
1820	20150408	33347.0	19976103.0515	3.05314009662	1.0
2060	20150409	33347.0	19976103.0515	3.05314009662	1.0
2190	20150410	33347.0	19976103.0515	3.05314009662	1.0
2030	20150411	33347.0	19976103.0515	3.05314009662	1.0
1791	20150412	33347.0	19976103.0515	3.05314009662	1.0
1736	20150413	33347.0	19976103.0515	3.05314009662	1.0
1805	20150414	33347.0	19976103.0515	3.05314009662	1.0
1869	20150415	33347.0	19976103.0515	3.05314009662	1.0
1713	20150416	33347.0	19976103.0515	3.05314009662	1.0
1839	20150417	33347.0	19976103.0515	3.05314009662	1.0
1972	20150418	33347.0	19976103.0515	3.05314009662	1.0
2077	20150419	33347.0	19976103.0515	3.05314009662	1.0
1753	20150420	33347.0	19976103.0515	3.05314009662	1.0
2008	20150421	33347.0	19976103.0515	3.05314009662	1.0
1957	20150422	33347.0	19976103.0515	3.05314009662	1.0
1858	20150423	33347.0	19976103.0515	3.05314009662	1.0
2010	20150424	33347.0	19976103.0515	3.05314009662	1.0
2002	20150425	33347.0	19976103.0515	3.05314009662	1.0
2208	20150426	33347.0	19976103.0515	3.05314009662	1.0
2027	20150427	33347.0	19976103.0515	3.05314009662	1.0
2082	20150428	33347.0	19976103.0515	3.05314009662	1.0
2328	20150429	33347.0	19976103.0515	3.05314009662	1.0
1898	20150430	33347.0	19976103.0515	3.05314009662	1.0
1816	20150501	33347.0	19976103.0515	3.05314009662	1.0
1776	20150502	33347.0	19976103.0515	3.05314009662	1.0
1957	20150503	33347.0	19976103.0515	3.05314009662	1.0
2320	20150504	33347.0	19976103.0515	3.05314009662	1.0
2235	20150505	33347.0	19976103.0515	3.05314009662	1.0
2272	20150506	33347.0	19976103.0515	3.05314009662	1.0
1803	20150507	33347.0	19976103.0515	3.05314009662	1.0
2033	20150508	33347.0	19976103.0515	3.05314009662	1.0
1845	20150509	33347.0	19976103.0515	3.05314009662	1.0
1904	20150510	33347.0	19976103.0515	3.05314009662	1.0
1606	20150511	33347.0	19976103.0515	3.05314009662	1.0
2160	20150512	33347.0	19976103.0515	3.05314009662	1.0
1965	20150513	33347.0	19976103.0515	3.05314009662	1.0
1985	20150514	33347.0	19976103.0515	3.05314009662	1.0
2341	20150515	33347.0	19976103.0515	3.05314009662	1.0
1729	20150516	33347.0	19976103.0515	3.05314009662	1.0
1772	20150517	33347.0	19976103.0515	3.05314009662	1.0
1743	20150518	33347.0	19976103.0515	3.05314009662	1.0
1973	20150519	33347.0	19976103.0515	3.05314009662	1.0
2066	20150520	33347.0	19976103.0515	3.05314009662	1.0
2084	20150521	33347.0	19976103.0515	3.05314009662	1.0
2119	20150522	33347.0	19976103.0515	3.05314009662	1.0
2007	20150523	33347.0	19976103.0515	3.05314009662	1.0
1964	20150524	33347.0	19976103.0515	3.05314009662	1.0
1996	20150525	33347.0	19976103.0515	3.05314009662	1.0
1980	20150526	33347.0	19976103.0515	3.05314009662	1.0
1955	20150527	33347.0	19976103.0515	3.05314009662	1.0
2079	20150528	33347.0	19976103.0515	3.05314009662	1.0
1780	20150529	33347.0	19976103.0515	3.05314009662	1.0
1659	20150530	33347.0	19976103.0515	3.05314009662	1.0
1795	20150531	33347.0	19976103.0515	3.05314009662	1.0
1841	20150601	33347.0	19976103.0515	3.05314009662	1.0
2026	20150602	33347.0	19976103.0515	3.05314009662	1.0
1837	20150603	33347.0	19976103.0515	3.05314009662	1.0
2037	20150604	33347.0	19976103.0515	3.05314009662	1.0
1762	20150605	33347.0	19976103.0515	3.05314009662	1.0
1889	20150606	33347.0	19976103.0515	3.05314009662	1.0
1805	20150607	33347.0	19976103.0515	3.05314009662	1.0
1831	20150608	33347.0	19976103.0515	3.05314009662	1.0
2022	20150609	33347.0	19976103.0515	3.05314009662	1.0
1738	20150610	33347.0	19976103.0515	3.05314009662	1.0
1901	20150611	33347.0	19976103.0515	3.05314009662	1.0
2019	20150612	33347.0	19976103.0515	3.05314009662	1.0
1925	20150613	33347.0	19976103.0515	3.05314009662	1.0
1759	20150614	33347.0	19976103.0515	3.05314009662	1.0
1666	20150615	33347.0	19976103.0515	3.05314009662	1.0
1815	20150616	33347.0	19976103.0515	3.05314009662	1.0
1857	20150617	33347.0	19976103.0515	3.05314009662	1.0
1842	20150618	33347.0	19976103.0515	3.05314009662	1.0
1861	20150619	33347.0	19976103.0515	3.05314009662	1.0
1651	20150620	33347.0	19976103.0515	3.05314009662	1.0
1930	20150621	33347.0	19976103.0515	3.05314009662	1.0
2358	20150622	33347.0	19976103.0515	3.05314009662	1.0
2475	20150623	33347.0	19976103.0515	3.05314009662	1.0
2455	20150624	33347.0	19976103.0515	3.05314009662	1.0
2843	20150625	33347.0	19976103.0515	3.05314009662	1.0
2401	20150626	33347.0	19976103.0515	3.05314009662	1.0
2120	20150627	33347.0	19976103.0515	3.05314009662	1.0
2099	20150628	33347.0	19976103.0515	3.05314009662	1.0
2365	20150629	33347.0	19976103.0515	3.05314009662	1.0
2492	20150630	33347.0	19976103.0515	3.05314009662	1.0
2155	20150701	33347.0	19976103.0515	3.05314009662	1.0
2249	20150702	33347.0	19976103.0515	3.05314009662	1.0
2280	20150703	33347.0	19976103.0515	3.05314009662	1.0
2086	20150704	33347.0	19976103.0515	3.05314009662	1.0
2024	20150705	33347.0	19976103.0515	3.05314009662	1.0
2016	20150706	33347.0	19976103.0515	3.05314009662	1.0
1911	20150707	33347.0	19976103.0515	3.05314009662	1.0
1998	20150708	33347.0	19976103.0515	3.05314009662	1.0
2090	20150709	33347.0	19976103.0515	3.05314009662	1.0
2062	20150710	33347.0	19976103.0515	3.05314009662	1.0
1959	20150711	33347.0	19976103.0515	3.05314009662	1.0
1890	20150712	33347.0	19976103.0515	3.05314009662	1.0
2068	20150713	33347.0	19976103.0515	3.05314009662	1.0
2227	20150714	33347.0	19976103.0515	3.05314009662	1.0
2264	20150715	33347.0	19976103.0515	3.05314009662	1.0
2550	20150716	33347.0	19976103.0515	3.05314009662	1.0
2515	20150717	33347.0	19976103.0515	3.05314009662	1.0
2008	20150718	33347.0	19976103.0515	3.05314009662	1.0
2392	20150719	33347.0	19976103.0515	3.05314009662	1.0
2067	20150720	33347.0	19976103.0515	3.05314009662	1.0
2330	20150721	33347.0	19976103.0515	3.05314009662	1.0
2443	20150722	33347.0	19976103.0515	3.05314009662	1.0
1882	20150723	33347.0	19976103.0515	3.05314009662	1.0
2087	20150724	33347.0	19976103.0515	3.05314009662	1.0
1804	20150725	33347.0	19976103.0515	3.05314009662	1.0
1746	20150726	33347.0	19976103.0515	3.05314009662	1.0
1779	20150727	33347.0	19976103.0515	3.05314009662	1.0
2147	20150728	33347.0	19976103.0515	3.05314009662	1.0
1816	20150729	33347.0	19976103.0515	3.05314009662	1.0
2033	20150730	33347.0	19976103.0515	3.05314009662	1.0
2078	20150731	33347.0	19976103.0515	3.05314009662	1.0
1703	20150801	33347.0	19976103.0515	3.05314009662	1.0
1735	20150802	33347.0	19976103.0515	3.05314009662	1.0
1860	20150803	33347.0	19976103.0515	3.05314009662	1.0
1971	20150804	33347.0	19976103.0515	3.05314009662	1.0
1877	20150805	33347.0	19976103.0515	3.05314009662	1.0
2032	20150806	33347.0	19976103.0515	3.05314009662	1.0
2156	20150807	33347.0	19976103.0515	3.05314009662	1.0
2063	20150808	33347.0	19976103.0515	3.05314009662	1.0
1822	20150809	33347.0	19976103.0515	3.05314009662	1.0
2192	20150810	33347.0	19976103.0515	3.05314009662	1.0
1859	20150811	33347.0	19976103.0515	3.05314009662	1.0
2277	20150812	33347.0	19976103.0515	3.05314009662	1.0
1731	20150813	33347.0	19976103.0515	3.05314009662	1.0
1906	20150814	33347.0	19976103.0515	3.05314009662	1.0
1847	20150815	33347.0	19976103.0515	3.05314009662	1.0
1914	20150816	33347.0	19976103.0515	3.05314009662	1.0
2059	20150817	33347.0	19976103.0515	3.05314009662	1.0
1938	20150818	33347.0	19976103.0515	3.05314009662	1.0
1793	20150819	33347.0	19976103.0515	3.05314009662	1.0
2185	20150820	33347.0	19976103.0515	3.05314009662	1.0
2191	20150821	33347.0	19976103.0515	3.05314009662	1.0
1826	20150822	33347.0	19976103.0515	3.05314009662	1.0
2058	20150823	33347.0	19976103.0515	3.05314009662	1.0
2020	20150824	33347.0	19976103.0515	3.05314009662	1.0
1827	20150825	33347.0	19976103.0515	3.05314009662	1.0
1971	20150826	33347.0	19976103.0515	3.05314009662	1.0
1996	20150827	33347.0	19976103.0515	3.05314009662	1.0
2080	20150828	33347.0	19976103.0515	3.05314009662	1.0
2012	20150829	33347.0	19976103.0515	3.05314009662	1.0
1972	20150830	33347.0	19976103.0515	3.05314009662	1.0
