677	20150301	113230.289474	20132499.6842	0.815789473684	2.0
536	20150302	113230.289474	20132499.6842	0.815789473684	2.0
535	20150303	113230.289474	20132499.6842	0.815789473684	2.0
460	20150304	113230.289474	20132499.6842	0.815789473684	2.0
780	20150305	113230.289474	20132499.6842	0.815789473684	2.0
542	20150306	113230.289474	20132499.6842	0.815789473684	2.0
835	20150307	113230.289474	20132499.6842	0.815789473684	2.0
523	20150308	113230.289474	20132499.6842	0.815789473684	2.0
595	20150309	113230.289474	20132499.6842	0.815789473684	2.0
503	20150310	113230.289474	20132499.6842	0.815789473684	2.0
538	20150311	113230.289474	20132499.6842	0.815789473684	2.0
941	20150312	113230.289474	20132499.6842	0.815789473684	2.0
1232	20150313	113230.289474	20132499.6842	0.815789473684	2.0
2843	20150314	113230.289474	20132499.6842	0.815789473684	2.0
4634	20150315	113230.289474	20132499.6842	0.815789473684	2.0
4678	20150316	113230.289474	20132499.6842	0.815789473684	2.0
3807	20150317	113230.289474	20132499.6842	0.815789473684	2.0
2434	20150318	113230.289474	20132499.6842	0.815789473684	2.0
2501	20150319	113230.289474	20132499.6842	0.815789473684	2.0
1945	20150320	113230.289474	20132499.6842	0.815789473684	2.0
1931	20150321	113230.289474	20132499.6842	0.815789473684	2.0
1567	20150322	113230.289474	20132499.6842	0.815789473684	2.0
1555	20150323	113230.289474	20132499.6842	0.815789473684	2.0
1342	20150324	113230.289474	20132499.6842	0.815789473684	2.0
1227	20150325	113230.289474	20132499.6842	0.815789473684	2.0
1658	20150326	113230.289474	20132499.6842	0.815789473684	2.0
1221	20150327	113230.289474	20132499.6842	0.815789473684	2.0
1471	20150328	113230.289474	20132499.6842	0.815789473684	2.0
1297	20150329	113230.289474	20132499.6842	0.815789473684	2.0
1157	20150330	113230.289474	20132499.6842	0.815789473684	2.0
1293	20150331	113230.289474	20132499.6842	0.815789473684	2.0
1255	20150401	113230.289474	20132499.6842	0.815789473684	2.0
1079	20150402	113230.289474	20132499.6842	0.815789473684	2.0
1001	20150403	113230.289474	20132499.6842	0.815789473684	2.0
992	20150404	113230.289474	20132499.6842	0.815789473684	2.0
1154	20150405	113230.289474	20132499.6842	0.815789473684	2.0
1088	20150406	113230.289474	20132499.6842	0.815789473684	2.0
974	20150407	113230.289474	20132499.6842	0.815789473684	2.0
1163	20150408	113230.289474	20132499.6842	0.815789473684	2.0
937	20150409	113230.289474	20132499.6842	0.815789473684	2.0
1062	20150410	113230.289474	20132499.6842	0.815789473684	2.0
1324	20150411	113230.289474	20132499.6842	0.815789473684	2.0
1323	20150412	113230.289474	20132499.6842	0.815789473684	2.0
1160	20150413	113230.289474	20132499.6842	0.815789473684	2.0
1053	20150414	113230.289474	20132499.6842	0.815789473684	2.0
1275	20150415	113230.289474	20132499.6842	0.815789473684	2.0
1318	20150416	113230.289474	20132499.6842	0.815789473684	2.0
1045	20150417	113230.289474	20132499.6842	0.815789473684	2.0
1047	20150418	113230.289474	20132499.6842	0.815789473684	2.0
929	20150419	113230.289474	20132499.6842	0.815789473684	2.0
985	20150420	113230.289474	20132499.6842	0.815789473684	2.0
937	20150421	113230.289474	20132499.6842	0.815789473684	2.0
1125	20150422	113230.289474	20132499.6842	0.815789473684	2.0
905	20150423	113230.289474	20132499.6842	0.815789473684	2.0
990	20150424	113230.289474	20132499.6842	0.815789473684	2.0
1096	20150425	113230.289474	20132499.6842	0.815789473684	2.0
934	20150426	113230.289474	20132499.6842	0.815789473684	2.0
986	20150427	113230.289474	20132499.6842	0.815789473684	2.0
914	20150428	113230.289474	20132499.6842	0.815789473684	2.0
1090	20150429	113230.289474	20132499.6842	0.815789473684	2.0
867	20150430	113230.289474	20132499.6842	0.815789473684	2.0
870	20150501	113230.289474	20132499.6842	0.815789473684	2.0
866	20150502	113230.289474	20132499.6842	0.815789473684	2.0
829	20150503	113230.289474	20132499.6842	0.815789473684	2.0
949	20150504	113230.289474	20132499.6842	0.815789473684	2.0
939	20150505	113230.289474	20132499.6842	0.815789473684	2.0
821	20150506	113230.289474	20132499.6842	0.815789473684	2.0
886	20150507	113230.289474	20132499.6842	0.815789473684	2.0
1092	20150508	113230.289474	20132499.6842	0.815789473684	2.0
803	20150509	113230.289474	20132499.6842	0.815789473684	2.0
788	20150510	113230.289474	20132499.6842	0.815789473684	2.0
810	20150511	113230.289474	20132499.6842	0.815789473684	2.0
815	20150512	113230.289474	20132499.6842	0.815789473684	2.0
820	20150513	113230.289474	20132499.6842	0.815789473684	2.0
865	20150514	113230.289474	20132499.6842	0.815789473684	2.0
771	20150515	113230.289474	20132499.6842	0.815789473684	2.0
754	20150516	113230.289474	20132499.6842	0.815789473684	2.0
716	20150517	113230.289474	20132499.6842	0.815789473684	2.0
1012	20150518	113230.289474	20132499.6842	0.815789473684	2.0
694	20150519	113230.289474	20132499.6842	0.815789473684	2.0
730	20150520	113230.289474	20132499.6842	0.815789473684	2.0
700	20150521	113230.289474	20132499.6842	0.815789473684	2.0
682	20150522	113230.289474	20132499.6842	0.815789473684	2.0
727	20150523	113230.289474	20132499.6842	0.815789473684	2.0
888	20150524	113230.289474	20132499.6842	0.815789473684	2.0
784	20150525	113230.289474	20132499.6842	0.815789473684	2.0
933	20150526	113230.289474	20132499.6842	0.815789473684	2.0
724	20150527	113230.289474	20132499.6842	0.815789473684	2.0
691	20150528	113230.289474	20132499.6842	0.815789473684	2.0
670	20150529	113230.289474	20132499.6842	0.815789473684	2.0
740	20150530	113230.289474	20132499.6842	0.815789473684	2.0
832	20150531	113230.289474	20132499.6842	0.815789473684	2.0
782	20150601	113230.289474	20132499.6842	0.815789473684	2.0
829	20150602	113230.289474	20132499.6842	0.815789473684	2.0
829	20150603	113230.289474	20132499.6842	0.815789473684	2.0
960	20150604	113230.289474	20132499.6842	0.815789473684	2.0
857	20150605	113230.289474	20132499.6842	0.815789473684	2.0
792	20150606	113230.289474	20132499.6842	0.815789473684	2.0
890	20150607	113230.289474	20132499.6842	0.815789473684	2.0
772	20150608	113230.289474	20132499.6842	0.815789473684	2.0
901	20150609	113230.289474	20132499.6842	0.815789473684	2.0
763	20150610	113230.289474	20132499.6842	0.815789473684	2.0
806	20150611	113230.289474	20132499.6842	0.815789473684	2.0
891	20150612	113230.289474	20132499.6842	0.815789473684	2.0
716	20150613	113230.289474	20132499.6842	0.815789473684	2.0
702	20150614	113230.289474	20132499.6842	0.815789473684	2.0
741	20150615	113230.289474	20132499.6842	0.815789473684	2.0
741	20150616	113230.289474	20132499.6842	0.815789473684	2.0
814	20150617	113230.289474	20132499.6842	0.815789473684	2.0
854	20150618	113230.289474	20132499.6842	0.815789473684	2.0
714	20150619	113230.289474	20132499.6842	0.815789473684	2.0
884	20150620	113230.289474	20132499.6842	0.815789473684	2.0
856	20150621	113230.289474	20132499.6842	0.815789473684	2.0
908	20150622	113230.289474	20132499.6842	0.815789473684	2.0
844	20150623	113230.289474	20132499.6842	0.815789473684	2.0
839	20150624	113230.289474	20132499.6842	0.815789473684	2.0
736	20150625	113230.289474	20132499.6842	0.815789473684	2.0
772	20150626	113230.289474	20132499.6842	0.815789473684	2.0
880	20150627	113230.289474	20132499.6842	0.815789473684	2.0
1160	20150628	113230.289474	20132499.6842	0.815789473684	2.0
899	20150629	113230.289474	20132499.6842	0.815789473684	2.0
734	20150630	113230.289474	20132499.6842	0.815789473684	2.0
700	20150701	113230.289474	20132499.6842	0.815789473684	2.0
671	20150702	113230.289474	20132499.6842	0.815789473684	2.0
784	20150703	113230.289474	20132499.6842	0.815789473684	2.0
780	20150704	113230.289474	20132499.6842	0.815789473684	2.0
890	20150705	113230.289474	20132499.6842	0.815789473684	2.0
760	20150706	113230.289474	20132499.6842	0.815789473684	2.0
795	20150707	113230.289474	20132499.6842	0.815789473684	2.0
799	20150708	113230.289474	20132499.6842	0.815789473684	2.0
880	20150709	113230.289474	20132499.6842	0.815789473684	2.0
728	20150710	113230.289474	20132499.6842	0.815789473684	2.0
631	20150711	113230.289474	20132499.6842	0.815789473684	2.0
653	20150712	113230.289474	20132499.6842	0.815789473684	2.0
704	20150713	113230.289474	20132499.6842	0.815789473684	2.0
686	20150714	113230.289474	20132499.6842	0.815789473684	2.0
761	20150715	113230.289474	20132499.6842	0.815789473684	2.0
888	20150716	113230.289474	20132499.6842	0.815789473684	2.0
824	20150717	113230.289474	20132499.6842	0.815789473684	2.0
631	20150718	113230.289474	20132499.6842	0.815789473684	2.0
750	20150719	113230.289474	20132499.6842	0.815789473684	2.0
737	20150720	113230.289474	20132499.6842	0.815789473684	2.0
669	20150721	113230.289474	20132499.6842	0.815789473684	2.0
787	20150722	113230.289474	20132499.6842	0.815789473684	2.0
984	20150723	113230.289474	20132499.6842	0.815789473684	2.0
746	20150724	113230.289474	20132499.6842	0.815789473684	2.0
745	20150725	113230.289474	20132499.6842	0.815789473684	2.0
737	20150726	113230.289474	20132499.6842	0.815789473684	2.0
654	20150727	113230.289474	20132499.6842	0.815789473684	2.0
764	20150728	113230.289474	20132499.6842	0.815789473684	2.0
972	20150729	113230.289474	20132499.6842	0.815789473684	2.0
860	20150730	113230.289474	20132499.6842	0.815789473684	2.0
910	20150731	113230.289474	20132499.6842	0.815789473684	2.0
785	20150801	113230.289474	20132499.6842	0.815789473684	2.0
639	20150802	113230.289474	20132499.6842	0.815789473684	2.0
647	20150803	113230.289474	20132499.6842	0.815789473684	2.0
730	20150804	113230.289474	20132499.6842	0.815789473684	2.0
823	20150805	113230.289474	20132499.6842	0.815789473684	2.0
777	20150806	113230.289474	20132499.6842	0.815789473684	2.0
762	20150807	113230.289474	20132499.6842	0.815789473684	2.0
907	20150808	113230.289474	20132499.6842	0.815789473684	2.0
827	20150809	113230.289474	20132499.6842	0.815789473684	2.0
809	20150810	113230.289474	20132499.6842	0.815789473684	2.0
905	20150811	113230.289474	20132499.6842	0.815789473684	2.0
736	20150812	113230.289474	20132499.6842	0.815789473684	2.0
659	20150813	113230.289474	20132499.6842	0.815789473684	2.0
788	20150814	113230.289474	20132499.6842	0.815789473684	2.0
943	20150815	113230.289474	20132499.6842	0.815789473684	2.0
843	20150816	113230.289474	20132499.6842	0.815789473684	2.0
775	20150817	113230.289474	20132499.6842	0.815789473684	2.0
911	20150818	113230.289474	20132499.6842	0.815789473684	2.0
725	20150819	113230.289474	20132499.6842	0.815789473684	2.0
822	20150820	113230.289474	20132499.6842	0.815789473684	2.0
669	20150821	113230.289474	20132499.6842	0.815789473684	2.0
674	20150822	113230.289474	20132499.6842	0.815789473684	2.0
691	20150823	113230.289474	20132499.6842	0.815789473684	2.0
621	20150824	113230.289474	20132499.6842	0.815789473684	2.0
617	20150825	113230.289474	20132499.6842	0.815789473684	2.0
636	20150826	113230.289474	20132499.6842	0.815789473684	2.0
674	20150827	113230.289474	20132499.6842	0.815789473684	2.0
840	20150828	113230.289474	20132499.6842	0.815789473684	2.0
796	20150829	113230.289474	20132499.6842	0.815789473684	2.0
675	20150830	113230.289474	20132499.6842	0.815789473684	2.0
