54	20150301	54622.1315789	20109622.4211	27.7894736842	1.0
40	20150302	54622.1315789	20109622.4211	27.7894736842	1.0
73	20150303	54622.1315789	20109622.4211	27.7894736842	1.0
61	20150304	54622.1315789	20109622.4211	27.7894736842	1.0
88	20150305	54622.1315789	20109622.4211	27.7894736842	1.0
86	20150306	54622.1315789	20109622.4211	27.7894736842	1.0
101	20150307	54622.1315789	20109622.4211	27.7894736842	1.0
90	20150308	54622.1315789	20109622.4211	27.7894736842	1.0
105	20150309	54622.1315789	20109622.4211	27.7894736842	1.0
123	20150310	54622.1315789	20109622.4211	27.7894736842	1.0
83	20150311	54622.1315789	20109622.4211	27.7894736842	1.0
81	20150312	54622.1315789	20109622.4211	27.7894736842	1.0
92	20150313	54622.1315789	20109622.4211	27.7894736842	1.0
107	20150314	54622.1315789	20109622.4211	27.7894736842	1.0
145	20150315	54622.1315789	20109622.4211	27.7894736842	1.0
150	20150316	54622.1315789	20109622.4211	27.7894736842	1.0
113	20150317	54622.1315789	20109622.4211	27.7894736842	1.0
82	20150318	54622.1315789	20109622.4211	27.7894736842	1.0
75	20150319	54622.1315789	20109622.4211	27.7894736842	1.0
81	20150320	54622.1315789	20109622.4211	27.7894736842	1.0
91	20150321	54622.1315789	20109622.4211	27.7894736842	1.0
77	20150322	54622.1315789	20109622.4211	27.7894736842	1.0
91	20150323	54622.1315789	20109622.4211	27.7894736842	1.0
89	20150324	54622.1315789	20109622.4211	27.7894736842	1.0
101	20150325	54622.1315789	20109622.4211	27.7894736842	1.0
104	20150326	54622.1315789	20109622.4211	27.7894736842	1.0
83	20150327	54622.1315789	20109622.4211	27.7894736842	1.0
92	20150328	54622.1315789	20109622.4211	27.7894736842	1.0
95	20150329	54622.1315789	20109622.4211	27.7894736842	1.0
93	20150330	54622.1315789	20109622.4211	27.7894736842	1.0
82	20150331	54622.1315789	20109622.4211	27.7894736842	1.0
96	20150401	54622.1315789	20109622.4211	27.7894736842	1.0
116	20150402	54622.1315789	20109622.4211	27.7894736842	1.0
104	20150403	54622.1315789	20109622.4211	27.7894736842	1.0
126	20150404	54622.1315789	20109622.4211	27.7894736842	1.0
94	20150405	54622.1315789	20109622.4211	27.7894736842	1.0
92	20150406	54622.1315789	20109622.4211	27.7894736842	1.0
92	20150407	54622.1315789	20109622.4211	27.7894736842	1.0
119	20150408	54622.1315789	20109622.4211	27.7894736842	1.0
100	20150409	54622.1315789	20109622.4211	27.7894736842	1.0
129	20150410	54622.1315789	20109622.4211	27.7894736842	1.0
86	20150411	54622.1315789	20109622.4211	27.7894736842	1.0
143	20150412	54622.1315789	20109622.4211	27.7894736842	1.0
104	20150413	54622.1315789	20109622.4211	27.7894736842	1.0
109	20150414	54622.1315789	20109622.4211	27.7894736842	1.0
100	20150415	54622.1315789	20109622.4211	27.7894736842	1.0
100	20150416	54622.1315789	20109622.4211	27.7894736842	1.0
108	20150417	54622.1315789	20109622.4211	27.7894736842	1.0
90	20150418	54622.1315789	20109622.4211	27.7894736842	1.0
124	20150419	54622.1315789	20109622.4211	27.7894736842	1.0
106	20150420	54622.1315789	20109622.4211	27.7894736842	1.0
136	20150421	54622.1315789	20109622.4211	27.7894736842	1.0
146	20150422	54622.1315789	20109622.4211	27.7894736842	1.0
116	20150423	54622.1315789	20109622.4211	27.7894736842	1.0
82	20150424	54622.1315789	20109622.4211	27.7894736842	1.0
128	20150425	54622.1315789	20109622.4211	27.7894736842	1.0
134	20150426	54622.1315789	20109622.4211	27.7894736842	1.0
135	20150427	54622.1315789	20109622.4211	27.7894736842	1.0
195	20150428	54622.1315789	20109622.4211	27.7894736842	1.0
205	20150429	54622.1315789	20109622.4211	27.7894736842	1.0
151	20150430	54622.1315789	20109622.4211	27.7894736842	1.0
107	20150501	54622.1315789	20109622.4211	27.7894736842	1.0
107	20150502	54622.1315789	20109622.4211	27.7894736842	1.0
140	20150503	54622.1315789	20109622.4211	27.7894736842	1.0
155	20150504	54622.1315789	20109622.4211	27.7894736842	1.0
122	20150505	54622.1315789	20109622.4211	27.7894736842	1.0
156	20150506	54622.1315789	20109622.4211	27.7894736842	1.0
109	20150507	54622.1315789	20109622.4211	27.7894736842	1.0
101	20150508	54622.1315789	20109622.4211	27.7894736842	1.0
103	20150509	54622.1315789	20109622.4211	27.7894736842	1.0
135	20150510	54622.1315789	20109622.4211	27.7894736842	1.0
225	20150511	54622.1315789	20109622.4211	27.7894736842	1.0
110	20150512	54622.1315789	20109622.4211	27.7894736842	1.0
112	20150513	54622.1315789	20109622.4211	27.7894736842	1.0
179	20150514	54622.1315789	20109622.4211	27.7894736842	1.0
243	20150515	54622.1315789	20109622.4211	27.7894736842	1.0
206	20150516	54622.1315789	20109622.4211	27.7894736842	1.0
175	20150517	54622.1315789	20109622.4211	27.7894736842	1.0
283	20150518	54622.1315789	20109622.4211	27.7894736842	1.0
138	20150519	54622.1315789	20109622.4211	27.7894736842	1.0
151	20150520	54622.1315789	20109622.4211	27.7894736842	1.0
168	20150521	54622.1315789	20109622.4211	27.7894736842	1.0
168	20150522	54622.1315789	20109622.4211	27.7894736842	1.0
147	20150523	54622.1315789	20109622.4211	27.7894736842	1.0
198	20150524	54622.1315789	20109622.4211	27.7894736842	1.0
230	20150525	54622.1315789	20109622.4211	27.7894736842	1.0
147	20150526	54622.1315789	20109622.4211	27.7894736842	1.0
170	20150527	54622.1315789	20109622.4211	27.7894736842	1.0
195	20150528	54622.1315789	20109622.4211	27.7894736842	1.0
142	20150529	54622.1315789	20109622.4211	27.7894736842	1.0
153	20150530	54622.1315789	20109622.4211	27.7894736842	1.0
197	20150531	54622.1315789	20109622.4211	27.7894736842	1.0
133	20150601	54622.1315789	20109622.4211	27.7894736842	1.0
187	20150602	54622.1315789	20109622.4211	27.7894736842	1.0
234	20150603	54622.1315789	20109622.4211	27.7894736842	1.0
108	20150604	54622.1315789	20109622.4211	27.7894736842	1.0
144	20150605	54622.1315789	20109622.4211	27.7894736842	1.0
111	20150606	54622.1315789	20109622.4211	27.7894736842	1.0
193	20150607	54622.1315789	20109622.4211	27.7894736842	1.0
179	20150608	54622.1315789	20109622.4211	27.7894736842	1.0
162	20150609	54622.1315789	20109622.4211	27.7894736842	1.0
153	20150610	54622.1315789	20109622.4211	27.7894736842	1.0
115	20150611	54622.1315789	20109622.4211	27.7894736842	1.0
120	20150612	54622.1315789	20109622.4211	27.7894736842	1.0
128	20150613	54622.1315789	20109622.4211	27.7894736842	1.0
127	20150614	54622.1315789	20109622.4211	27.7894736842	1.0
106	20150615	54622.1315789	20109622.4211	27.7894736842	1.0
110	20150616	54622.1315789	20109622.4211	27.7894736842	1.0
142	20150617	54622.1315789	20109622.4211	27.7894736842	1.0
90	20150618	54622.1315789	20109622.4211	27.7894736842	1.0
146	20150619	54622.1315789	20109622.4211	27.7894736842	1.0
112	20150620	54622.1315789	20109622.4211	27.7894736842	1.0
137	20150621	54622.1315789	20109622.4211	27.7894736842	1.0
177	20150622	54622.1315789	20109622.4211	27.7894736842	1.0
168	20150623	54622.1315789	20109622.4211	27.7894736842	1.0
153	20150624	54622.1315789	20109622.4211	27.7894736842	1.0
135	20150625	54622.1315789	20109622.4211	27.7894736842	1.0
160	20150626	54622.1315789	20109622.4211	27.7894736842	1.0
149	20150627	54622.1315789	20109622.4211	27.7894736842	1.0
165	20150628	54622.1315789	20109622.4211	27.7894736842	1.0
152	20150629	54622.1315789	20109622.4211	27.7894736842	1.0
238	20150630	54622.1315789	20109622.4211	27.7894736842	1.0
140	20150701	54622.1315789	20109622.4211	27.7894736842	1.0
178	20150702	54622.1315789	20109622.4211	27.7894736842	1.0
112	20150703	54622.1315789	20109622.4211	27.7894736842	1.0
127	20150704	54622.1315789	20109622.4211	27.7894736842	1.0
116	20150705	54622.1315789	20109622.4211	27.7894736842	1.0
182	20150706	54622.1315789	20109622.4211	27.7894736842	1.0
146	20150707	54622.1315789	20109622.4211	27.7894736842	1.0
171	20150708	54622.1315789	20109622.4211	27.7894736842	1.0
176	20150709	54622.1315789	20109622.4211	27.7894736842	1.0
136	20150710	54622.1315789	20109622.4211	27.7894736842	1.0
136	20150711	54622.1315789	20109622.4211	27.7894736842	1.0
160	20150712	54622.1315789	20109622.4211	27.7894736842	1.0
148	20150713	54622.1315789	20109622.4211	27.7894736842	1.0
150	20150714	54622.1315789	20109622.4211	27.7894736842	1.0
169	20150715	54622.1315789	20109622.4211	27.7894736842	1.0
149	20150716	54622.1315789	20109622.4211	27.7894736842	1.0
163	20150717	54622.1315789	20109622.4211	27.7894736842	1.0
97	20150718	54622.1315789	20109622.4211	27.7894736842	1.0
120	20150719	54622.1315789	20109622.4211	27.7894736842	1.0
135	20150720	54622.1315789	20109622.4211	27.7894736842	1.0
129	20150721	54622.1315789	20109622.4211	27.7894736842	1.0
124	20150722	54622.1315789	20109622.4211	27.7894736842	1.0
114	20150723	54622.1315789	20109622.4211	27.7894736842	1.0
105	20150724	54622.1315789	20109622.4211	27.7894736842	1.0
168	20150725	54622.1315789	20109622.4211	27.7894736842	1.0
114	20150726	54622.1315789	20109622.4211	27.7894736842	1.0
135	20150727	54622.1315789	20109622.4211	27.7894736842	1.0
172	20150728	54622.1315789	20109622.4211	27.7894736842	1.0
124	20150729	54622.1315789	20109622.4211	27.7894736842	1.0
122	20150730	54622.1315789	20109622.4211	27.7894736842	1.0
129	20150731	54622.1315789	20109622.4211	27.7894736842	1.0
141	20150801	54622.1315789	20109622.4211	27.7894736842	1.0
99	20150802	54622.1315789	20109622.4211	27.7894736842	1.0
116	20150803	54622.1315789	20109622.4211	27.7894736842	1.0
144	20150804	54622.1315789	20109622.4211	27.7894736842	1.0
130	20150805	54622.1315789	20109622.4211	27.7894736842	1.0
161	20150806	54622.1315789	20109622.4211	27.7894736842	1.0
114	20150807	54622.1315789	20109622.4211	27.7894736842	1.0
91	20150808	54622.1315789	20109622.4211	27.7894736842	1.0
116	20150809	54622.1315789	20109622.4211	27.7894736842	1.0
118	20150810	54622.1315789	20109622.4211	27.7894736842	1.0
143	20150811	54622.1315789	20109622.4211	27.7894736842	1.0
172	20150812	54622.1315789	20109622.4211	27.7894736842	1.0
152	20150813	54622.1315789	20109622.4211	27.7894736842	1.0
122	20150814	54622.1315789	20109622.4211	27.7894736842	1.0
128	20150815	54622.1315789	20109622.4211	27.7894736842	1.0
109	20150816	54622.1315789	20109622.4211	27.7894736842	1.0
117	20150817	54622.1315789	20109622.4211	27.7894736842	1.0
123	20150818	54622.1315789	20109622.4211	27.7894736842	1.0
137	20150819	54622.1315789	20109622.4211	27.7894736842	1.0
155	20150820	54622.1315789	20109622.4211	27.7894736842	1.0
150	20150821	54622.1315789	20109622.4211	27.7894736842	1.0
98	20150822	54622.1315789	20109622.4211	27.7894736842	1.0
125	20150823	54622.1315789	20109622.4211	27.7894736842	1.0
133	20150824	54622.1315789	20109622.4211	27.7894736842	1.0
109	20150825	54622.1315789	20109622.4211	27.7894736842	1.0
269	20150826	54622.1315789	20109622.4211	27.7894736842	1.0
168	20150827	54622.1315789	20109622.4211	27.7894736842	1.0
185	20150828	54622.1315789	20109622.4211	27.7894736842	1.0
164	20150829	54622.1315789	20109622.4211	27.7894736842	1.0
140	20150830	54622.1315789	20109622.4211	27.7894736842	1.0
