104	20150301	8200.51704545	20072693.5341	26.1363636364	2.0
273	20150302	8200.51704545	20072693.5341	26.1363636364	2.0
74	20150303	8200.51704545	20072693.5341	26.1363636364	2.0
61	20150304	8200.51704545	20072693.5341	26.1363636364	2.0
46	20150305	8200.51704545	20072693.5341	26.1363636364	2.0
22	20150306	8200.51704545	20072693.5341	26.1363636364	2.0
70	20150307	8200.51704545	20072693.5341	26.1363636364	2.0
72	20150308	8200.51704545	20072693.5341	26.1363636364	2.0
68	20150309	8200.51704545	20072693.5341	26.1363636364	2.0
37	20150310	8200.51704545	20072693.5341	26.1363636364	2.0
68	20150311	8200.51704545	20072693.5341	26.1363636364	2.0
60	20150312	8200.51704545	20072693.5341	26.1363636364	2.0
59	20150313	8200.51704545	20072693.5341	26.1363636364	2.0
113	20150314	8200.51704545	20072693.5341	26.1363636364	2.0
83	20150315	8200.51704545	20072693.5341	26.1363636364	2.0
92	20150316	8200.51704545	20072693.5341	26.1363636364	2.0
93	20150317	8200.51704545	20072693.5341	26.1363636364	2.0
36	20150318	8200.51704545	20072693.5341	26.1363636364	2.0
66	20150319	8200.51704545	20072693.5341	26.1363636364	2.0
57	20150320	8200.51704545	20072693.5341	26.1363636364	2.0
89	20150321	8200.51704545	20072693.5341	26.1363636364	2.0
47	20150322	8200.51704545	20072693.5341	26.1363636364	2.0
67	20150323	8200.51704545	20072693.5341	26.1363636364	2.0
84	20150324	8200.51704545	20072693.5341	26.1363636364	2.0
134	20150325	8200.51704545	20072693.5341	26.1363636364	2.0
101	20150326	8200.51704545	20072693.5341	26.1363636364	2.0
57	20150327	8200.51704545	20072693.5341	26.1363636364	2.0
58	20150328	8200.51704545	20072693.5341	26.1363636364	2.0
95	20150329	8200.51704545	20072693.5341	26.1363636364	2.0
72	20150330	8200.51704545	20072693.5341	26.1363636364	2.0
72	20150331	8200.51704545	20072693.5341	26.1363636364	2.0
78	20150401	8200.51704545	20072693.5341	26.1363636364	2.0
111	20150402	8200.51704545	20072693.5341	26.1363636364	2.0
92	20150403	8200.51704545	20072693.5341	26.1363636364	2.0
107	20150404	8200.51704545	20072693.5341	26.1363636364	2.0
94	20150405	8200.51704545	20072693.5341	26.1363636364	2.0
89	20150406	8200.51704545	20072693.5341	26.1363636364	2.0
92	20150407	8200.51704545	20072693.5341	26.1363636364	2.0
147	20150408	8200.51704545	20072693.5341	26.1363636364	2.0
103	20150409	8200.51704545	20072693.5341	26.1363636364	2.0
115	20150410	8200.51704545	20072693.5341	26.1363636364	2.0
136	20150411	8200.51704545	20072693.5341	26.1363636364	2.0
117	20150412	8200.51704545	20072693.5341	26.1363636364	2.0
118	20150413	8200.51704545	20072693.5341	26.1363636364	2.0
92	20150414	8200.51704545	20072693.5341	26.1363636364	2.0
145	20150415	8200.51704545	20072693.5341	26.1363636364	2.0
76	20150416	8200.51704545	20072693.5341	26.1363636364	2.0
108	20150417	8200.51704545	20072693.5341	26.1363636364	2.0
83	20150418	8200.51704545	20072693.5341	26.1363636364	2.0
91	20150419	8200.51704545	20072693.5341	26.1363636364	2.0
106	20150420	8200.51704545	20072693.5341	26.1363636364	2.0
103	20150421	8200.51704545	20072693.5341	26.1363636364	2.0
113	20150422	8200.51704545	20072693.5341	26.1363636364	2.0
56	20150423	8200.51704545	20072693.5341	26.1363636364	2.0
85	20150424	8200.51704545	20072693.5341	26.1363636364	2.0
135	20150425	8200.51704545	20072693.5341	26.1363636364	2.0
132	20150426	8200.51704545	20072693.5341	26.1363636364	2.0
103	20150427	8200.51704545	20072693.5341	26.1363636364	2.0
134	20150428	8200.51704545	20072693.5341	26.1363636364	2.0
71	20150429	8200.51704545	20072693.5341	26.1363636364	2.0
71	20150430	8200.51704545	20072693.5341	26.1363636364	2.0
87	20150501	8200.51704545	20072693.5341	26.1363636364	2.0
137	20150502	8200.51704545	20072693.5341	26.1363636364	2.0
145	20150503	8200.51704545	20072693.5341	26.1363636364	2.0
130	20150504	8200.51704545	20072693.5341	26.1363636364	2.0
154	20150505	8200.51704545	20072693.5341	26.1363636364	2.0
97	20150506	8200.51704545	20072693.5341	26.1363636364	2.0
79	20150507	8200.51704545	20072693.5341	26.1363636364	2.0
96	20150508	8200.51704545	20072693.5341	26.1363636364	2.0
119	20150509	8200.51704545	20072693.5341	26.1363636364	2.0
126	20150510	8200.51704545	20072693.5341	26.1363636364	2.0
76	20150511	8200.51704545	20072693.5341	26.1363636364	2.0
123	20150512	8200.51704545	20072693.5341	26.1363636364	2.0
127	20150513	8200.51704545	20072693.5341	26.1363636364	2.0
94	20150514	8200.51704545	20072693.5341	26.1363636364	2.0
125	20150515	8200.51704545	20072693.5341	26.1363636364	2.0
187	20150516	8200.51704545	20072693.5341	26.1363636364	2.0
251	20150517	8200.51704545	20072693.5341	26.1363636364	2.0
153	20150518	8200.51704545	20072693.5341	26.1363636364	2.0
111	20150519	8200.51704545	20072693.5341	26.1363636364	2.0
104	20150520	8200.51704545	20072693.5341	26.1363636364	2.0
73	20150521	8200.51704545	20072693.5341	26.1363636364	2.0
232	20150522	8200.51704545	20072693.5341	26.1363636364	2.0
247	20150523	8200.51704545	20072693.5341	26.1363636364	2.0
152	20150524	8200.51704545	20072693.5341	26.1363636364	2.0
120	20150525	8200.51704545	20072693.5341	26.1363636364	2.0
121	20150526	8200.51704545	20072693.5341	26.1363636364	2.0
110	20150527	8200.51704545	20072693.5341	26.1363636364	2.0
106	20150528	8200.51704545	20072693.5341	26.1363636364	2.0
105	20150529	8200.51704545	20072693.5341	26.1363636364	2.0
166	20150530	8200.51704545	20072693.5341	26.1363636364	2.0
208	20150531	8200.51704545	20072693.5341	26.1363636364	2.0
236	20150601	8200.51704545	20072693.5341	26.1363636364	2.0
89	20150602	8200.51704545	20072693.5341	26.1363636364	2.0
93	20150603	8200.51704545	20072693.5341	26.1363636364	2.0
79	20150604	8200.51704545	20072693.5341	26.1363636364	2.0
81	20150605	8200.51704545	20072693.5341	26.1363636364	2.0
124	20150606	8200.51704545	20072693.5341	26.1363636364	2.0
127	20150607	8200.51704545	20072693.5341	26.1363636364	2.0
62	20150608	8200.51704545	20072693.5341	26.1363636364	2.0
101	20150609	8200.51704545	20072693.5341	26.1363636364	2.0
112	20150610	8200.51704545	20072693.5341	26.1363636364	2.0
69	20150611	8200.51704545	20072693.5341	26.1363636364	2.0
155	20150612	8200.51704545	20072693.5341	26.1363636364	2.0
107	20150613	8200.51704545	20072693.5341	26.1363636364	2.0
135	20150614	8200.51704545	20072693.5341	26.1363636364	2.0
93	20150615	8200.51704545	20072693.5341	26.1363636364	2.0
103	20150616	8200.51704545	20072693.5341	26.1363636364	2.0
135	20150617	8200.51704545	20072693.5341	26.1363636364	2.0
83	20150618	8200.51704545	20072693.5341	26.1363636364	2.0
71	20150619	8200.51704545	20072693.5341	26.1363636364	2.0
161	20150620	8200.51704545	20072693.5341	26.1363636364	2.0
124	20150621	8200.51704545	20072693.5341	26.1363636364	2.0
97	20150622	8200.51704545	20072693.5341	26.1363636364	2.0
100	20150623	8200.51704545	20072693.5341	26.1363636364	2.0
110	20150624	8200.51704545	20072693.5341	26.1363636364	2.0
74	20150625	8200.51704545	20072693.5341	26.1363636364	2.0
114	20150626	8200.51704545	20072693.5341	26.1363636364	2.0
159	20150627	8200.51704545	20072693.5341	26.1363636364	2.0
183	20150628	8200.51704545	20072693.5341	26.1363636364	2.0
172	20150629	8200.51704545	20072693.5341	26.1363636364	2.0
192	20150630	8200.51704545	20072693.5341	26.1363636364	2.0
167	20150701	8200.51704545	20072693.5341	26.1363636364	2.0
132	20150702	8200.51704545	20072693.5341	26.1363636364	2.0
227	20150703	8200.51704545	20072693.5341	26.1363636364	2.0
162	20150704	8200.51704545	20072693.5341	26.1363636364	2.0
225	20150705	8200.51704545	20072693.5341	26.1363636364	2.0
96	20150706	8200.51704545	20072693.5341	26.1363636364	2.0
240	20150707	8200.51704545	20072693.5341	26.1363636364	2.0
125	20150708	8200.51704545	20072693.5341	26.1363636364	2.0
88	20150709	8200.51704545	20072693.5341	26.1363636364	2.0
240	20150710	8200.51704545	20072693.5341	26.1363636364	2.0
127	20150711	8200.51704545	20072693.5341	26.1363636364	2.0
141	20150712	8200.51704545	20072693.5341	26.1363636364	2.0
146	20150713	8200.51704545	20072693.5341	26.1363636364	2.0
213	20150714	8200.51704545	20072693.5341	26.1363636364	2.0
190	20150715	8200.51704545	20072693.5341	26.1363636364	2.0
210	20150716	8200.51704545	20072693.5341	26.1363636364	2.0
155	20150717	8200.51704545	20072693.5341	26.1363636364	2.0
209	20150718	8200.51704545	20072693.5341	26.1363636364	2.0
109	20150719	8200.51704545	20072693.5341	26.1363636364	2.0
143	20150720	8200.51704545	20072693.5341	26.1363636364	2.0
142	20150721	8200.51704545	20072693.5341	26.1363636364	2.0
202	20150722	8200.51704545	20072693.5341	26.1363636364	2.0
147	20150723	8200.51704545	20072693.5341	26.1363636364	2.0
231	20150724	8200.51704545	20072693.5341	26.1363636364	2.0
130	20150725	8200.51704545	20072693.5341	26.1363636364	2.0
185	20150726	8200.51704545	20072693.5341	26.1363636364	2.0
88	20150727	8200.51704545	20072693.5341	26.1363636364	2.0
204	20150728	8200.51704545	20072693.5341	26.1363636364	2.0
221	20150729	8200.51704545	20072693.5341	26.1363636364	2.0
84	20150730	8200.51704545	20072693.5341	26.1363636364	2.0
106	20150731	8200.51704545	20072693.5341	26.1363636364	2.0
177	20150801	8200.51704545	20072693.5341	26.1363636364	2.0
269	20150802	8200.51704545	20072693.5341	26.1363636364	2.0
94	20150803	8200.51704545	20072693.5341	26.1363636364	2.0
183	20150804	8200.51704545	20072693.5341	26.1363636364	2.0
185	20150805	8200.51704545	20072693.5341	26.1363636364	2.0
121	20150806	8200.51704545	20072693.5341	26.1363636364	2.0
212	20150807	8200.51704545	20072693.5341	26.1363636364	2.0
165	20150808	8200.51704545	20072693.5341	26.1363636364	2.0
178	20150809	8200.51704545	20072693.5341	26.1363636364	2.0
156	20150810	8200.51704545	20072693.5341	26.1363636364	2.0
157	20150811	8200.51704545	20072693.5341	26.1363636364	2.0
118	20150812	8200.51704545	20072693.5341	26.1363636364	2.0
113	20150813	8200.51704545	20072693.5341	26.1363636364	2.0
143	20150814	8200.51704545	20072693.5341	26.1363636364	2.0
171	20150815	8200.51704545	20072693.5341	26.1363636364	2.0
135	20150816	8200.51704545	20072693.5341	26.1363636364	2.0
124	20150817	8200.51704545	20072693.5341	26.1363636364	2.0
153	20150818	8200.51704545	20072693.5341	26.1363636364	2.0
155	20150819	8200.51704545	20072693.5341	26.1363636364	2.0
109	20150820	8200.51704545	20072693.5341	26.1363636364	2.0
103	20150821	8200.51704545	20072693.5341	26.1363636364	2.0
168	20150822	8200.51704545	20072693.5341	26.1363636364	2.0
176	20150823	8200.51704545	20072693.5341	26.1363636364	2.0
170	20150824	8200.51704545	20072693.5341	26.1363636364	2.0
127	20150825	8200.51704545	20072693.5341	26.1363636364	2.0
156	20150826	8200.51704545	20072693.5341	26.1363636364	2.0
80	20150827	8200.51704545	20072693.5341	26.1363636364	2.0
157	20150828	8200.51704545	20072693.5341	26.1363636364	2.0
211	20150829	8200.51704545	20072693.5341	26.1363636364	2.0
196	20150830	8200.51704545	20072693.5341	26.1363636364	2.0
