372	20150301	39920.3559322	20122603.1186	2.0	2.0
246	20150302	39920.3559322	20122603.1186	2.0	2.0
309	20150303	39920.3559322	20122603.1186	2.0	2.0
346	20150304	39920.3559322	20122603.1186	2.0	2.0
306	20150305	39920.3559322	20122603.1186	2.0	2.0
255	20150306	39920.3559322	20122603.1186	2.0	2.0
310	20150307	39920.3559322	20122603.1186	2.0	2.0
316	20150308	39920.3559322	20122603.1186	2.0	2.0
289	20150309	39920.3559322	20122603.1186	2.0	2.0
233	20150310	39920.3559322	20122603.1186	2.0	2.0
250	20150311	39920.3559322	20122603.1186	2.0	2.0
270	20150312	39920.3559322	20122603.1186	2.0	2.0
268	20150313	39920.3559322	20122603.1186	2.0	2.0
356	20150314	39920.3559322	20122603.1186	2.0	2.0
285	20150315	39920.3559322	20122603.1186	2.0	2.0
304	20150316	39920.3559322	20122603.1186	2.0	2.0
282	20150317	39920.3559322	20122603.1186	2.0	2.0
292	20150318	39920.3559322	20122603.1186	2.0	2.0
298	20150319	39920.3559322	20122603.1186	2.0	2.0
375	20150320	39920.3559322	20122603.1186	2.0	2.0
340	20150321	39920.3559322	20122603.1186	2.0	2.0
334	20150322	39920.3559322	20122603.1186	2.0	2.0
306	20150323	39920.3559322	20122603.1186	2.0	2.0
290	20150324	39920.3559322	20122603.1186	2.0	2.0
281	20150325	39920.3559322	20122603.1186	2.0	2.0
318	20150326	39920.3559322	20122603.1186	2.0	2.0
344	20150327	39920.3559322	20122603.1186	2.0	2.0
389	20150328	39920.3559322	20122603.1186	2.0	2.0
431	20150329	39920.3559322	20122603.1186	2.0	2.0
397	20150330	39920.3559322	20122603.1186	2.0	2.0
371	20150331	39920.3559322	20122603.1186	2.0	2.0
392	20150401	39920.3559322	20122603.1186	2.0	2.0
465	20150402	39920.3559322	20122603.1186	2.0	2.0
357	20150403	39920.3559322	20122603.1186	2.0	2.0
468	20150404	39920.3559322	20122603.1186	2.0	2.0
374	20150405	39920.3559322	20122603.1186	2.0	2.0
348	20150406	39920.3559322	20122603.1186	2.0	2.0
437	20150407	39920.3559322	20122603.1186	2.0	2.0
349	20150408	39920.3559322	20122603.1186	2.0	2.0
396	20150409	39920.3559322	20122603.1186	2.0	2.0
323	20150410	39920.3559322	20122603.1186	2.0	2.0
385	20150411	39920.3559322	20122603.1186	2.0	2.0
429	20150412	39920.3559322	20122603.1186	2.0	2.0
354	20150413	39920.3559322	20122603.1186	2.0	2.0
390	20150414	39920.3559322	20122603.1186	2.0	2.0
327	20150415	39920.3559322	20122603.1186	2.0	2.0
338	20150416	39920.3559322	20122603.1186	2.0	2.0
369	20150417	39920.3559322	20122603.1186	2.0	2.0
387	20150418	39920.3559322	20122603.1186	2.0	2.0
333	20150419	39920.3559322	20122603.1186	2.0	2.0
363	20150420	39920.3559322	20122603.1186	2.0	2.0
409	20150421	39920.3559322	20122603.1186	2.0	2.0
384	20150422	39920.3559322	20122603.1186	2.0	2.0
327	20150423	39920.3559322	20122603.1186	2.0	2.0
380	20150424	39920.3559322	20122603.1186	2.0	2.0
403	20150425	39920.3559322	20122603.1186	2.0	2.0
372	20150426	39920.3559322	20122603.1186	2.0	2.0
387	20150427	39920.3559322	20122603.1186	2.0	2.0
327	20150428	39920.3559322	20122603.1186	2.0	2.0
490	20150429	39920.3559322	20122603.1186	2.0	2.0
439	20150430	39920.3559322	20122603.1186	2.0	2.0
356	20150501	39920.3559322	20122603.1186	2.0	2.0
420	20150502	39920.3559322	20122603.1186	2.0	2.0
362	20150503	39920.3559322	20122603.1186	2.0	2.0
357	20150504	39920.3559322	20122603.1186	2.0	2.0
355	20150505	39920.3559322	20122603.1186	2.0	2.0
349	20150506	39920.3559322	20122603.1186	2.0	2.0
389	20150507	39920.3559322	20122603.1186	2.0	2.0
362	20150508	39920.3559322	20122603.1186	2.0	2.0
401	20150509	39920.3559322	20122603.1186	2.0	2.0
404	20150510	39920.3559322	20122603.1186	2.0	2.0
382	20150511	39920.3559322	20122603.1186	2.0	2.0
438	20150512	39920.3559322	20122603.1186	2.0	2.0
426	20150513	39920.3559322	20122603.1186	2.0	2.0
481	20150514	39920.3559322	20122603.1186	2.0	2.0
405	20150515	39920.3559322	20122603.1186	2.0	2.0
481	20150516	39920.3559322	20122603.1186	2.0	2.0
396	20150517	39920.3559322	20122603.1186	2.0	2.0
353	20150518	39920.3559322	20122603.1186	2.0	2.0
339	20150519	39920.3559322	20122603.1186	2.0	2.0
347	20150520	39920.3559322	20122603.1186	2.0	2.0
402	20150521	39920.3559322	20122603.1186	2.0	2.0
474	20150522	39920.3559322	20122603.1186	2.0	2.0
381	20150523	39920.3559322	20122603.1186	2.0	2.0
380	20150524	39920.3559322	20122603.1186	2.0	2.0
413	20150525	39920.3559322	20122603.1186	2.0	2.0
506	20150526	39920.3559322	20122603.1186	2.0	2.0
673	20150527	39920.3559322	20122603.1186	2.0	2.0
446	20150528	39920.3559322	20122603.1186	2.0	2.0
643	20150529	39920.3559322	20122603.1186	2.0	2.0
550	20150530	39920.3559322	20122603.1186	2.0	2.0
524	20150531	39920.3559322	20122603.1186	2.0	2.0
625	20150601	39920.3559322	20122603.1186	2.0	2.0
508	20150602	39920.3559322	20122603.1186	2.0	2.0
548	20150603	39920.3559322	20122603.1186	2.0	2.0
579	20150604	39920.3559322	20122603.1186	2.0	2.0
588	20150605	39920.3559322	20122603.1186	2.0	2.0
464	20150606	39920.3559322	20122603.1186	2.0	2.0
436	20150607	39920.3559322	20122603.1186	2.0	2.0
463	20150608	39920.3559322	20122603.1186	2.0	2.0
608	20150609	39920.3559322	20122603.1186	2.0	2.0
566	20150610	39920.3559322	20122603.1186	2.0	2.0
755	20150611	39920.3559322	20122603.1186	2.0	2.0
438	20150612	39920.3559322	20122603.1186	2.0	2.0
462	20150613	39920.3559322	20122603.1186	2.0	2.0
445	20150614	39920.3559322	20122603.1186	2.0	2.0
548	20150615	39920.3559322	20122603.1186	2.0	2.0
460	20150616	39920.3559322	20122603.1186	2.0	2.0
452	20150617	39920.3559322	20122603.1186	2.0	2.0
423	20150618	39920.3559322	20122603.1186	2.0	2.0
532	20150619	39920.3559322	20122603.1186	2.0	2.0
420	20150620	39920.3559322	20122603.1186	2.0	2.0
398	20150621	39920.3559322	20122603.1186	2.0	2.0
631	20150622	39920.3559322	20122603.1186	2.0	2.0
446	20150623	39920.3559322	20122603.1186	2.0	2.0
544	20150624	39920.3559322	20122603.1186	2.0	2.0
523	20150625	39920.3559322	20122603.1186	2.0	2.0
407	20150626	39920.3559322	20122603.1186	2.0	2.0
451	20150627	39920.3559322	20122603.1186	2.0	2.0
352	20150628	39920.3559322	20122603.1186	2.0	2.0
507	20150629	39920.3559322	20122603.1186	2.0	2.0
441	20150630	39920.3559322	20122603.1186	2.0	2.0
400	20150701	39920.3559322	20122603.1186	2.0	2.0
460	20150702	39920.3559322	20122603.1186	2.0	2.0
434	20150703	39920.3559322	20122603.1186	2.0	2.0
420	20150704	39920.3559322	20122603.1186	2.0	2.0
497	20150705	39920.3559322	20122603.1186	2.0	2.0
574	20150706	39920.3559322	20122603.1186	2.0	2.0
514	20150707	39920.3559322	20122603.1186	2.0	2.0
585	20150708	39920.3559322	20122603.1186	2.0	2.0
631	20150709	39920.3559322	20122603.1186	2.0	2.0
590	20150710	39920.3559322	20122603.1186	2.0	2.0
486	20150711	39920.3559322	20122603.1186	2.0	2.0
390	20150712	39920.3559322	20122603.1186	2.0	2.0
471	20150713	39920.3559322	20122603.1186	2.0	2.0
510	20150714	39920.3559322	20122603.1186	2.0	2.0
461	20150715	39920.3559322	20122603.1186	2.0	2.0
538	20150716	39920.3559322	20122603.1186	2.0	2.0
427	20150717	39920.3559322	20122603.1186	2.0	2.0
416	20150718	39920.3559322	20122603.1186	2.0	2.0
436	20150719	39920.3559322	20122603.1186	2.0	2.0
461	20150720	39920.3559322	20122603.1186	2.0	2.0
481	20150721	39920.3559322	20122603.1186	2.0	2.0
425	20150722	39920.3559322	20122603.1186	2.0	2.0
434	20150723	39920.3559322	20122603.1186	2.0	2.0
410	20150724	39920.3559322	20122603.1186	2.0	2.0
363	20150725	39920.3559322	20122603.1186	2.0	2.0
474	20150726	39920.3559322	20122603.1186	2.0	2.0
503	20150727	39920.3559322	20122603.1186	2.0	2.0
440	20150728	39920.3559322	20122603.1186	2.0	2.0
505	20150729	39920.3559322	20122603.1186	2.0	2.0
449	20150730	39920.3559322	20122603.1186	2.0	2.0
513	20150731	39920.3559322	20122603.1186	2.0	2.0
485	20150801	39920.3559322	20122603.1186	2.0	2.0
447	20150802	39920.3559322	20122603.1186	2.0	2.0
486	20150803	39920.3559322	20122603.1186	2.0	2.0
460	20150804	39920.3559322	20122603.1186	2.0	2.0
596	20150805	39920.3559322	20122603.1186	2.0	2.0
433	20150806	39920.3559322	20122603.1186	2.0	2.0
458	20150807	39920.3559322	20122603.1186	2.0	2.0
478	20150808	39920.3559322	20122603.1186	2.0	2.0
363	20150809	39920.3559322	20122603.1186	2.0	2.0
450	20150810	39920.3559322	20122603.1186	2.0	2.0
572	20150811	39920.3559322	20122603.1186	2.0	2.0
523	20150812	39920.3559322	20122603.1186	2.0	2.0
421	20150813	39920.3559322	20122603.1186	2.0	2.0
588	20150814	39920.3559322	20122603.1186	2.0	2.0
424	20150815	39920.3559322	20122603.1186	2.0	2.0
430	20150816	39920.3559322	20122603.1186	2.0	2.0
460	20150817	39920.3559322	20122603.1186	2.0	2.0
458	20150818	39920.3559322	20122603.1186	2.0	2.0
395	20150819	39920.3559322	20122603.1186	2.0	2.0
521	20150820	39920.3559322	20122603.1186	2.0	2.0
490	20150821	39920.3559322	20122603.1186	2.0	2.0
353	20150822	39920.3559322	20122603.1186	2.0	2.0
417	20150823	39920.3559322	20122603.1186	2.0	2.0
456	20150824	39920.3559322	20122603.1186	2.0	2.0
454	20150825	39920.3559322	20122603.1186	2.0	2.0
433	20150826	39920.3559322	20122603.1186	2.0	2.0
462	20150827	39920.3559322	20122603.1186	2.0	2.0
395	20150828	39920.3559322	20122603.1186	2.0	2.0
456	20150829	39920.3559322	20122603.1186	2.0	2.0
442	20150830	39920.3559322	20122603.1186	2.0	2.0
