664	20150301	30323.1451613	19960746.0548	2.11290322581	2.0
589	20150302	30323.1451613	19960746.0548	2.11290322581	2.0
606	20150303	30323.1451613	19960746.0548	2.11290322581	2.0
692	20150304	30323.1451613	19960746.0548	2.11290322581	2.0
820	20150305	30323.1451613	19960746.0548	2.11290322581	2.0
802	20150306	30323.1451613	19960746.0548	2.11290322581	2.0
774	20150307	30323.1451613	19960746.0548	2.11290322581	2.0
1064	20150308	30323.1451613	19960746.0548	2.11290322581	2.0
1191	20150309	30323.1451613	19960746.0548	2.11290322581	2.0
753	20150310	30323.1451613	19960746.0548	2.11290322581	2.0
738	20150311	30323.1451613	19960746.0548	2.11290322581	2.0
639	20150312	30323.1451613	19960746.0548	2.11290322581	2.0
781	20150313	30323.1451613	19960746.0548	2.11290322581	2.0
936	20150314	30323.1451613	19960746.0548	2.11290322581	2.0
962	20150315	30323.1451613	19960746.0548	2.11290322581	2.0
872	20150316	30323.1451613	19960746.0548	2.11290322581	2.0
969	20150317	30323.1451613	19960746.0548	2.11290322581	2.0
781	20150318	30323.1451613	19960746.0548	2.11290322581	2.0
756	20150319	30323.1451613	19960746.0548	2.11290322581	2.0
1083	20150320	30323.1451613	19960746.0548	2.11290322581	2.0
829	20150321	30323.1451613	19960746.0548	2.11290322581	2.0
732	20150322	30323.1451613	19960746.0548	2.11290322581	2.0
561	20150323	30323.1451613	19960746.0548	2.11290322581	2.0
1905	20150324	30323.1451613	19960746.0548	2.11290322581	2.0
2261	20150325	30323.1451613	19960746.0548	2.11290322581	2.0
638	20150326	30323.1451613	19960746.0548	2.11290322581	2.0
788	20150327	30323.1451613	19960746.0548	2.11290322581	2.0
598	20150328	30323.1451613	19960746.0548	2.11290322581	2.0
808	20150329	30323.1451613	19960746.0548	2.11290322581	2.0
841	20150330	30323.1451613	19960746.0548	2.11290322581	2.0
741	20150331	30323.1451613	19960746.0548	2.11290322581	2.0
787	20150401	30323.1451613	19960746.0548	2.11290322581	2.0
575	20150402	30323.1451613	19960746.0548	2.11290322581	2.0
737	20150403	30323.1451613	19960746.0548	2.11290322581	2.0
608	20150404	30323.1451613	19960746.0548	2.11290322581	2.0
697	20150405	30323.1451613	19960746.0548	2.11290322581	2.0
1040	20150406	30323.1451613	19960746.0548	2.11290322581	2.0
1003	20150407	30323.1451613	19960746.0548	2.11290322581	2.0
989	20150408	30323.1451613	19960746.0548	2.11290322581	2.0
976	20150409	30323.1451613	19960746.0548	2.11290322581	2.0
842	20150410	30323.1451613	19960746.0548	2.11290322581	2.0
836	20150411	30323.1451613	19960746.0548	2.11290322581	2.0
863	20150412	30323.1451613	19960746.0548	2.11290322581	2.0
680	20150413	30323.1451613	19960746.0548	2.11290322581	2.0
712	20150414	30323.1451613	19960746.0548	2.11290322581	2.0
726	20150415	30323.1451613	19960746.0548	2.11290322581	2.0
725	20150416	30323.1451613	19960746.0548	2.11290322581	2.0
798	20150417	30323.1451613	19960746.0548	2.11290322581	2.0
725	20150418	30323.1451613	19960746.0548	2.11290322581	2.0
649	20150419	30323.1451613	19960746.0548	2.11290322581	2.0
787	20150420	30323.1451613	19960746.0548	2.11290322581	2.0
880	20150421	30323.1451613	19960746.0548	2.11290322581	2.0
735	20150422	30323.1451613	19960746.0548	2.11290322581	2.0
634	20150423	30323.1451613	19960746.0548	2.11290322581	2.0
701	20150424	30323.1451613	19960746.0548	2.11290322581	2.0
555	20150425	30323.1451613	19960746.0548	2.11290322581	2.0
622	20150426	30323.1451613	19960746.0548	2.11290322581	2.0
784	20150427	30323.1451613	19960746.0548	2.11290322581	2.0
1019	20150428	30323.1451613	19960746.0548	2.11290322581	2.0
818	20150429	30323.1451613	19960746.0548	2.11290322581	2.0
766	20150430	30323.1451613	19960746.0548	2.11290322581	2.0
554	20150501	30323.1451613	19960746.0548	2.11290322581	2.0
749	20150502	30323.1451613	19960746.0548	2.11290322581	2.0
746	20150503	30323.1451613	19960746.0548	2.11290322581	2.0
714	20150504	30323.1451613	19960746.0548	2.11290322581	2.0
620	20150505	30323.1451613	19960746.0548	2.11290322581	2.0
650	20150506	30323.1451613	19960746.0548	2.11290322581	2.0
730	20150507	30323.1451613	19960746.0548	2.11290322581	2.0
768	20150508	30323.1451613	19960746.0548	2.11290322581	2.0
736	20150509	30323.1451613	19960746.0548	2.11290322581	2.0
741	20150510	30323.1451613	19960746.0548	2.11290322581	2.0
852	20150511	30323.1451613	19960746.0548	2.11290322581	2.0
772	20150512	30323.1451613	19960746.0548	2.11290322581	2.0
1130	20150513	30323.1451613	19960746.0548	2.11290322581	2.0
1067	20150514	30323.1451613	19960746.0548	2.11290322581	2.0
970	20150515	30323.1451613	19960746.0548	2.11290322581	2.0
824	20150516	30323.1451613	19960746.0548	2.11290322581	2.0
665	20150517	30323.1451613	19960746.0548	2.11290322581	2.0
802	20150518	30323.1451613	19960746.0548	2.11290322581	2.0
748	20150519	30323.1451613	19960746.0548	2.11290322581	2.0
796	20150520	30323.1451613	19960746.0548	2.11290322581	2.0
823	20150521	30323.1451613	19960746.0548	2.11290322581	2.0
829	20150522	30323.1451613	19960746.0548	2.11290322581	2.0
599	20150523	30323.1451613	19960746.0548	2.11290322581	2.0
695	20150524	30323.1451613	19960746.0548	2.11290322581	2.0
663	20150525	30323.1451613	19960746.0548	2.11290322581	2.0
656	20150526	30323.1451613	19960746.0548	2.11290322581	2.0
544	20150527	30323.1451613	19960746.0548	2.11290322581	2.0
724	20150528	30323.1451613	19960746.0548	2.11290322581	2.0
777	20150529	30323.1451613	19960746.0548	2.11290322581	2.0
700	20150530	30323.1451613	19960746.0548	2.11290322581	2.0
764	20150531	30323.1451613	19960746.0548	2.11290322581	2.0
646	20150601	30323.1451613	19960746.0548	2.11290322581	2.0
759	20150602	30323.1451613	19960746.0548	2.11290322581	2.0
796	20150603	30323.1451613	19960746.0548	2.11290322581	2.0
811	20150604	30323.1451613	19960746.0548	2.11290322581	2.0
864	20150605	30323.1451613	19960746.0548	2.11290322581	2.0
719	20150606	30323.1451613	19960746.0548	2.11290322581	2.0
685	20150607	30323.1451613	19960746.0548	2.11290322581	2.0
747	20150608	30323.1451613	19960746.0548	2.11290322581	2.0
916	20150609	30323.1451613	19960746.0548	2.11290322581	2.0
877	20150610	30323.1451613	19960746.0548	2.11290322581	2.0
881	20150611	30323.1451613	19960746.0548	2.11290322581	2.0
789	20150612	30323.1451613	19960746.0548	2.11290322581	2.0
785	20150613	30323.1451613	19960746.0548	2.11290322581	2.0
826	20150614	30323.1451613	19960746.0548	2.11290322581	2.0
787	20150615	30323.1451613	19960746.0548	2.11290322581	2.0
717	20150616	30323.1451613	19960746.0548	2.11290322581	2.0
772	20150617	30323.1451613	19960746.0548	2.11290322581	2.0
901	20150618	30323.1451613	19960746.0548	2.11290322581	2.0
1020	20150619	30323.1451613	19960746.0548	2.11290322581	2.0
908	20150620	30323.1451613	19960746.0548	2.11290322581	2.0
605	20150621	30323.1451613	19960746.0548	2.11290322581	2.0
676	20150622	30323.1451613	19960746.0548	2.11290322581	2.0
686	20150623	30323.1451613	19960746.0548	2.11290322581	2.0
620	20150624	30323.1451613	19960746.0548	2.11290322581	2.0
716	20150625	30323.1451613	19960746.0548	2.11290322581	2.0
671	20150626	30323.1451613	19960746.0548	2.11290322581	2.0
719	20150627	30323.1451613	19960746.0548	2.11290322581	2.0
670	20150628	30323.1451613	19960746.0548	2.11290322581	2.0
786	20150629	30323.1451613	19960746.0548	2.11290322581	2.0
808	20150630	30323.1451613	19960746.0548	2.11290322581	2.0
963	20150701	30323.1451613	19960746.0548	2.11290322581	2.0
1169	20150702	30323.1451613	19960746.0548	2.11290322581	2.0
1122	20150703	30323.1451613	19960746.0548	2.11290322581	2.0
1187	20150704	30323.1451613	19960746.0548	2.11290322581	2.0
1328	20150705	30323.1451613	19960746.0548	2.11290322581	2.0
868	20150706	30323.1451613	19960746.0548	2.11290322581	2.0
807	20150707	30323.1451613	19960746.0548	2.11290322581	2.0
925	20150708	30323.1451613	19960746.0548	2.11290322581	2.0
684	20150709	30323.1451613	19960746.0548	2.11290322581	2.0
835	20150710	30323.1451613	19960746.0548	2.11290322581	2.0
866	20150711	30323.1451613	19960746.0548	2.11290322581	2.0
885	20150712	30323.1451613	19960746.0548	2.11290322581	2.0
1352	20150713	30323.1451613	19960746.0548	2.11290322581	2.0
1156	20150714	30323.1451613	19960746.0548	2.11290322581	2.0
935	20150715	30323.1451613	19960746.0548	2.11290322581	2.0
958	20150716	30323.1451613	19960746.0548	2.11290322581	2.0
935	20150717	30323.1451613	19960746.0548	2.11290322581	2.0
870	20150718	30323.1451613	19960746.0548	2.11290322581	2.0
976	20150719	30323.1451613	19960746.0548	2.11290322581	2.0
833	20150720	30323.1451613	19960746.0548	2.11290322581	2.0
792	20150721	30323.1451613	19960746.0548	2.11290322581	2.0
855	20150722	30323.1451613	19960746.0548	2.11290322581	2.0
807	20150723	30323.1451613	19960746.0548	2.11290322581	2.0
751	20150724	30323.1451613	19960746.0548	2.11290322581	2.0
764	20150725	30323.1451613	19960746.0548	2.11290322581	2.0
737	20150726	30323.1451613	19960746.0548	2.11290322581	2.0
860	20150727	30323.1451613	19960746.0548	2.11290322581	2.0
807	20150728	30323.1451613	19960746.0548	2.11290322581	2.0
789	20150729	30323.1451613	19960746.0548	2.11290322581	2.0
704	20150730	30323.1451613	19960746.0548	2.11290322581	2.0
685	20150731	30323.1451613	19960746.0548	2.11290322581	2.0
899	20150801	30323.1451613	19960746.0548	2.11290322581	2.0
760	20150802	30323.1451613	19960746.0548	2.11290322581	2.0
922	20150803	30323.1451613	19960746.0548	2.11290322581	2.0
739	20150804	30323.1451613	19960746.0548	2.11290322581	2.0
902	20150805	30323.1451613	19960746.0548	2.11290322581	2.0
687	20150806	30323.1451613	19960746.0548	2.11290322581	2.0
890	20150807	30323.1451613	19960746.0548	2.11290322581	2.0
1658	20150808	30323.1451613	19960746.0548	2.11290322581	2.0
1588	20150809	30323.1451613	19960746.0548	2.11290322581	2.0
1283	20150810	30323.1451613	19960746.0548	2.11290322581	2.0
1061	20150811	30323.1451613	19960746.0548	2.11290322581	2.0
952	20150812	30323.1451613	19960746.0548	2.11290322581	2.0
852	20150813	30323.1451613	19960746.0548	2.11290322581	2.0
814	20150814	30323.1451613	19960746.0548	2.11290322581	2.0
937	20150815	30323.1451613	19960746.0548	2.11290322581	2.0
936	20150816	30323.1451613	19960746.0548	2.11290322581	2.0
864	20150817	30323.1451613	19960746.0548	2.11290322581	2.0
842	20150818	30323.1451613	19960746.0548	2.11290322581	2.0
837	20150819	30323.1451613	19960746.0548	2.11290322581	2.0
743	20150820	30323.1451613	19960746.0548	2.11290322581	2.0
626	20150821	30323.1451613	19960746.0548	2.11290322581	2.0
719	20150822	30323.1451613	19960746.0548	2.11290322581	2.0
928	20150823	30323.1451613	19960746.0548	2.11290322581	2.0
826	20150824	30323.1451613	19960746.0548	2.11290322581	2.0
980	20150825	30323.1451613	19960746.0548	2.11290322581	2.0
768	20150826	30323.1451613	19960746.0548	2.11290322581	2.0
1070	20150827	30323.1451613	19960746.0548	2.11290322581	2.0
1036	20150828	30323.1451613	19960746.0548	2.11290322581	2.0
788	20150829	30323.1451613	19960746.0548	2.11290322581	2.0
1020	20150830	30323.1451613	19960746.0548	2.11290322581	2.0
