652	20150301	141603.9	20071700.28	1.0	1.0
641	20150302	141603.9	20071700.28	1.0	1.0
719	20150303	141603.9	20071700.28	1.0	1.0
1008	20150304	141603.9	20071700.28	1.0	1.0
857	20150305	141603.9	20071700.28	1.0	1.0
702	20150306	141603.9	20071700.28	1.0	1.0
731	20150307	141603.9	20071700.28	1.0	1.0
867	20150308	141603.9	20071700.28	1.0	1.0
738	20150309	141603.9	20071700.28	1.0	1.0
820	20150310	141603.9	20071700.28	1.0	1.0
706	20150311	141603.9	20071700.28	1.0	1.0
1019	20150312	141603.9	20071700.28	1.0	1.0
846	20150313	141603.9	20071700.28	1.0	1.0
895	20150314	141603.9	20071700.28	1.0	1.0
962	20150315	141603.9	20071700.28	1.0	1.0
642	20150316	141603.9	20071700.28	1.0	1.0
653	20150317	141603.9	20071700.28	1.0	1.0
670	20150318	141603.9	20071700.28	1.0	1.0
784	20150319	141603.9	20071700.28	1.0	1.0
808	20150320	141603.9	20071700.28	1.0	1.0
699	20150321	141603.9	20071700.28	1.0	1.0
656	20150322	141603.9	20071700.28	1.0	1.0
789	20150323	141603.9	20071700.28	1.0	1.0
640	20150324	141603.9	20071700.28	1.0	1.0
728	20150325	141603.9	20071700.28	1.0	1.0
694	20150326	141603.9	20071700.28	1.0	1.0
643	20150327	141603.9	20071700.28	1.0	1.0
712	20150328	141603.9	20071700.28	1.0	1.0
813	20150329	141603.9	20071700.28	1.0	1.0
803	20150330	141603.9	20071700.28	1.0	1.0
740	20150331	141603.9	20071700.28	1.0	1.0
816	20150401	141603.9	20071700.28	1.0	1.0
970	20150402	141603.9	20071700.28	1.0	1.0
1034	20150403	141603.9	20071700.28	1.0	1.0
639	20150404	141603.9	20071700.28	1.0	1.0
721	20150405	141603.9	20071700.28	1.0	1.0
760	20150406	141603.9	20071700.28	1.0	1.0
854	20150407	141603.9	20071700.28	1.0	1.0
975	20150408	141603.9	20071700.28	1.0	1.0
901	20150409	141603.9	20071700.28	1.0	1.0
892	20150410	141603.9	20071700.28	1.0	1.0
941	20150411	141603.9	20071700.28	1.0	1.0
993	20150412	141603.9	20071700.28	1.0	1.0
855	20150413	141603.9	20071700.28	1.0	1.0
821	20150414	141603.9	20071700.28	1.0	1.0
721	20150415	141603.9	20071700.28	1.0	1.0
719	20150416	141603.9	20071700.28	1.0	1.0
836	20150417	141603.9	20071700.28	1.0	1.0
779	20150418	141603.9	20071700.28	1.0	1.0
890	20150419	141603.9	20071700.28	1.0	1.0
729	20150420	141603.9	20071700.28	1.0	1.0
739	20150421	141603.9	20071700.28	1.0	1.0
862	20150422	141603.9	20071700.28	1.0	1.0
795	20150423	141603.9	20071700.28	1.0	1.0
864	20150424	141603.9	20071700.28	1.0	1.0
749	20150425	141603.9	20071700.28	1.0	1.0
734	20150426	141603.9	20071700.28	1.0	1.0
796	20150427	141603.9	20071700.28	1.0	1.0
843	20150428	141603.9	20071700.28	1.0	1.0
770	20150429	141603.9	20071700.28	1.0	1.0
785	20150430	141603.9	20071700.28	1.0	1.0
668	20150501	141603.9	20071700.28	1.0	1.0
727	20150502	141603.9	20071700.28	1.0	1.0
763	20150503	141603.9	20071700.28	1.0	1.0
838	20150504	141603.9	20071700.28	1.0	1.0
983	20150505	141603.9	20071700.28	1.0	1.0
881	20150506	141603.9	20071700.28	1.0	1.0
786	20150507	141603.9	20071700.28	1.0	1.0
909	20150508	141603.9	20071700.28	1.0	1.0
725	20150509	141603.9	20071700.28	1.0	1.0
878	20150510	141603.9	20071700.28	1.0	1.0
817	20150511	141603.9	20071700.28	1.0	1.0
894	20150512	141603.9	20071700.28	1.0	1.0
816	20150513	141603.9	20071700.28	1.0	1.0
872	20150514	141603.9	20071700.28	1.0	1.0
771	20150515	141603.9	20071700.28	1.0	1.0
813	20150516	141603.9	20071700.28	1.0	1.0
1094	20150517	141603.9	20071700.28	1.0	1.0
923	20150518	141603.9	20071700.28	1.0	1.0
834	20150519	141603.9	20071700.28	1.0	1.0
919	20150520	141603.9	20071700.28	1.0	1.0
1139	20150521	141603.9	20071700.28	1.0	1.0
981	20150522	141603.9	20071700.28	1.0	1.0
788	20150523	141603.9	20071700.28	1.0	1.0
778	20150524	141603.9	20071700.28	1.0	1.0
907	20150525	141603.9	20071700.28	1.0	1.0
994	20150526	141603.9	20071700.28	1.0	1.0
1035	20150527	141603.9	20071700.28	1.0	1.0
1092	20150528	141603.9	20071700.28	1.0	1.0
857	20150529	141603.9	20071700.28	1.0	1.0
872	20150530	141603.9	20071700.28	1.0	1.0
789	20150531	141603.9	20071700.28	1.0	1.0
766	20150601	141603.9	20071700.28	1.0	1.0
790	20150602	141603.9	20071700.28	1.0	1.0
879	20150603	141603.9	20071700.28	1.0	1.0
961	20150604	141603.9	20071700.28	1.0	1.0
895	20150605	141603.9	20071700.28	1.0	1.0
803	20150606	141603.9	20071700.28	1.0	1.0
880	20150607	141603.9	20071700.28	1.0	1.0
753	20150608	141603.9	20071700.28	1.0	1.0
819	20150609	141603.9	20071700.28	1.0	1.0
983	20150610	141603.9	20071700.28	1.0	1.0
936	20150611	141603.9	20071700.28	1.0	1.0
774	20150612	141603.9	20071700.28	1.0	1.0
841	20150613	141603.9	20071700.28	1.0	1.0
791	20150614	141603.9	20071700.28	1.0	1.0
1002	20150615	141603.9	20071700.28	1.0	1.0
870	20150616	141603.9	20071700.28	1.0	1.0
875	20150617	141603.9	20071700.28	1.0	1.0
819	20150618	141603.9	20071700.28	1.0	1.0
861	20150619	141603.9	20071700.28	1.0	1.0
688	20150620	141603.9	20071700.28	1.0	1.0
738	20150621	141603.9	20071700.28	1.0	1.0
805	20150622	141603.9	20071700.28	1.0	1.0
924	20150623	141603.9	20071700.28	1.0	1.0
808	20150624	141603.9	20071700.28	1.0	1.0
798	20150625	141603.9	20071700.28	1.0	1.0
885	20150626	141603.9	20071700.28	1.0	1.0
786	20150627	141603.9	20071700.28	1.0	1.0
973	20150628	141603.9	20071700.28	1.0	1.0
965	20150629	141603.9	20071700.28	1.0	1.0
976	20150630	141603.9	20071700.28	1.0	1.0
844	20150701	141603.9	20071700.28	1.0	1.0
932	20150702	141603.9	20071700.28	1.0	1.0
851	20150703	141603.9	20071700.28	1.0	1.0
832	20150704	141603.9	20071700.28	1.0	1.0
801	20150705	141603.9	20071700.28	1.0	1.0
762	20150706	141603.9	20071700.28	1.0	1.0
940	20150707	141603.9	20071700.28	1.0	1.0
802	20150708	141603.9	20071700.28	1.0	1.0
858	20150709	141603.9	20071700.28	1.0	1.0
936	20150710	141603.9	20071700.28	1.0	1.0
755	20150711	141603.9	20071700.28	1.0	1.0
790	20150712	141603.9	20071700.28	1.0	1.0
796	20150713	141603.9	20071700.28	1.0	1.0
802	20150714	141603.9	20071700.28	1.0	1.0
676	20150715	141603.9	20071700.28	1.0	1.0
778	20150716	141603.9	20071700.28	1.0	1.0
856	20150717	141603.9	20071700.28	1.0	1.0
737	20150718	141603.9	20071700.28	1.0	1.0
783	20150719	141603.9	20071700.28	1.0	1.0
876	20150720	141603.9	20071700.28	1.0	1.0
825	20150721	141603.9	20071700.28	1.0	1.0
870	20150722	141603.9	20071700.28	1.0	1.0
936	20150723	141603.9	20071700.28	1.0	1.0
911	20150724	141603.9	20071700.28	1.0	1.0
642	20150725	141603.9	20071700.28	1.0	1.0
1010	20150726	141603.9	20071700.28	1.0	1.0
713	20150727	141603.9	20071700.28	1.0	1.0
805	20150728	141603.9	20071700.28	1.0	1.0
747	20150729	141603.9	20071700.28	1.0	1.0
766	20150730	141603.9	20071700.28	1.0	1.0
835	20150731	141603.9	20071700.28	1.0	1.0
628	20150801	141603.9	20071700.28	1.0	1.0
977	20150802	141603.9	20071700.28	1.0	1.0
747	20150803	141603.9	20071700.28	1.0	1.0
748	20150804	141603.9	20071700.28	1.0	1.0
821	20150805	141603.9	20071700.28	1.0	1.0
986	20150806	141603.9	20071700.28	1.0	1.0
797	20150807	141603.9	20071700.28	1.0	1.0
916	20150808	141603.9	20071700.28	1.0	1.0
792	20150809	141603.9	20071700.28	1.0	1.0
882	20150810	141603.9	20071700.28	1.0	1.0
999	20150811	141603.9	20071700.28	1.0	1.0
935	20150812	141603.9	20071700.28	1.0	1.0
857	20150813	141603.9	20071700.28	1.0	1.0
910	20150814	141603.9	20071700.28	1.0	1.0
921	20150815	141603.9	20071700.28	1.0	1.0
825	20150816	141603.9	20071700.28	1.0	1.0
913	20150817	141603.9	20071700.28	1.0	1.0
978	20150818	141603.9	20071700.28	1.0	1.0
1037	20150819	141603.9	20071700.28	1.0	1.0
1074	20150820	141603.9	20071700.28	1.0	1.0
1179	20150821	141603.9	20071700.28	1.0	1.0
1105	20150822	141603.9	20071700.28	1.0	1.0
867	20150823	141603.9	20071700.28	1.0	1.0
973	20150824	141603.9	20071700.28	1.0	1.0
959	20150825	141603.9	20071700.28	1.0	1.0
903	20150826	141603.9	20071700.28	1.0	1.0
1097	20150827	141603.9	20071700.28	1.0	1.0
1081	20150828	141603.9	20071700.28	1.0	1.0
966	20150829	141603.9	20071700.28	1.0	1.0
911	20150830	141603.9	20071700.28	1.0	1.0
