70	20150301	7040.77272727	20104024.3052	2.0	1.0
66	20150302	7040.77272727	20104024.3052	2.0	1.0
52	20150303	7040.77272727	20104024.3052	2.0	1.0
53	20150304	7040.77272727	20104024.3052	2.0	1.0
45	20150305	7040.77272727	20104024.3052	2.0	1.0
103	20150306	7040.77272727	20104024.3052	2.0	1.0
47	20150307	7040.77272727	20104024.3052	2.0	1.0
97	20150308	7040.77272727	20104024.3052	2.0	1.0
114	20150309	7040.77272727	20104024.3052	2.0	1.0
55	20150310	7040.77272727	20104024.3052	2.0	1.0
49	20150311	7040.77272727	20104024.3052	2.0	1.0
54	20150312	7040.77272727	20104024.3052	2.0	1.0
57	20150313	7040.77272727	20104024.3052	2.0	1.0
126	20150314	7040.77272727	20104024.3052	2.0	1.0
65	20150315	7040.77272727	20104024.3052	2.0	1.0
56	20150316	7040.77272727	20104024.3052	2.0	1.0
75	20150317	7040.77272727	20104024.3052	2.0	1.0
47	20150318	7040.77272727	20104024.3052	2.0	1.0
65	20150319	7040.77272727	20104024.3052	2.0	1.0
64	20150320	7040.77272727	20104024.3052	2.0	1.0
58	20150321	7040.77272727	20104024.3052	2.0	1.0
92	20150322	7040.77272727	20104024.3052	2.0	1.0
57	20150323	7040.77272727	20104024.3052	2.0	1.0
48	20150324	7040.77272727	20104024.3052	2.0	1.0
59	20150325	7040.77272727	20104024.3052	2.0	1.0
92	20150326	7040.77272727	20104024.3052	2.0	1.0
61	20150327	7040.77272727	20104024.3052	2.0	1.0
74	20150328	7040.77272727	20104024.3052	2.0	1.0
51	20150329	7040.77272727	20104024.3052	2.0	1.0
58	20150330	7040.77272727	20104024.3052	2.0	1.0
34	20150331	7040.77272727	20104024.3052	2.0	1.0
105	20150401	7040.77272727	20104024.3052	2.0	1.0
75	20150402	7040.77272727	20104024.3052	2.0	1.0
45	20150403	7040.77272727	20104024.3052	2.0	1.0
49	20150404	7040.77272727	20104024.3052	2.0	1.0
40	20150405	7040.77272727	20104024.3052	2.0	1.0
52	20150406	7040.77272727	20104024.3052	2.0	1.0
46	20150407	7040.77272727	20104024.3052	2.0	1.0
56	20150408	7040.77272727	20104024.3052	2.0	1.0
65	20150409	7040.77272727	20104024.3052	2.0	1.0
36	20150410	7040.77272727	20104024.3052	2.0	1.0
54	20150411	7040.77272727	20104024.3052	2.0	1.0
49	20150412	7040.77272727	20104024.3052	2.0	1.0
65	20150413	7040.77272727	20104024.3052	2.0	1.0
42	20150414	7040.77272727	20104024.3052	2.0	1.0
50	20150415	7040.77272727	20104024.3052	2.0	1.0
54	20150416	7040.77272727	20104024.3052	2.0	1.0
42	20150417	7040.77272727	20104024.3052	2.0	1.0
48	20150418	7040.77272727	20104024.3052	2.0	1.0
56	20150419	7040.77272727	20104024.3052	2.0	1.0
55	20150420	7040.77272727	20104024.3052	2.0	1.0
101	20150421	7040.77272727	20104024.3052	2.0	1.0
63	20150422	7040.77272727	20104024.3052	2.0	1.0
65	20150423	7040.77272727	20104024.3052	2.0	1.0
130	20150424	7040.77272727	20104024.3052	2.0	1.0
88	20150425	7040.77272727	20104024.3052	2.0	1.0
84	20150426	7040.77272727	20104024.3052	2.0	1.0
110	20150427	7040.77272727	20104024.3052	2.0	1.0
157	20150428	7040.77272727	20104024.3052	2.0	1.0
148	20150429	7040.77272727	20104024.3052	2.0	1.0
59	20150430	7040.77272727	20104024.3052	2.0	1.0
154	20150501	7040.77272727	20104024.3052	2.0	1.0
805	20150502	7040.77272727	20104024.3052	2.0	1.0
1311	20150503	7040.77272727	20104024.3052	2.0	1.0
1151	20150504	7040.77272727	20104024.3052	2.0	1.0
403	20150505	7040.77272727	20104024.3052	2.0	1.0
313	20150506	7040.77272727	20104024.3052	2.0	1.0
222	20150507	7040.77272727	20104024.3052	2.0	1.0
232	20150508	7040.77272727	20104024.3052	2.0	1.0
256	20150509	7040.77272727	20104024.3052	2.0	1.0
200	20150510	7040.77272727	20104024.3052	2.0	1.0
238	20150511	7040.77272727	20104024.3052	2.0	1.0
164	20150512	7040.77272727	20104024.3052	2.0	1.0
193	20150513	7040.77272727	20104024.3052	2.0	1.0
291	20150514	7040.77272727	20104024.3052	2.0	1.0
177	20150515	7040.77272727	20104024.3052	2.0	1.0
139	20150516	7040.77272727	20104024.3052	2.0	1.0
254	20150517	7040.77272727	20104024.3052	2.0	1.0
171	20150518	7040.77272727	20104024.3052	2.0	1.0
137	20150519	7040.77272727	20104024.3052	2.0	1.0
164	20150520	7040.77272727	20104024.3052	2.0	1.0
158	20150521	7040.77272727	20104024.3052	2.0	1.0
171	20150522	7040.77272727	20104024.3052	2.0	1.0
175	20150523	7040.77272727	20104024.3052	2.0	1.0
218	20150524	7040.77272727	20104024.3052	2.0	1.0
200	20150525	7040.77272727	20104024.3052	2.0	1.0
195	20150526	7040.77272727	20104024.3052	2.0	1.0
227	20150527	7040.77272727	20104024.3052	2.0	1.0
347	20150528	7040.77272727	20104024.3052	2.0	1.0
449	20150529	7040.77272727	20104024.3052	2.0	1.0
758	20150530	7040.77272727	20104024.3052	2.0	1.0
1140	20150531	7040.77272727	20104024.3052	2.0	1.0
1318	20150601	7040.77272727	20104024.3052	2.0	1.0
1322	20150602	7040.77272727	20104024.3052	2.0	1.0
1014	20150603	7040.77272727	20104024.3052	2.0	1.0
1188	20150604	7040.77272727	20104024.3052	2.0	1.0
717	20150605	7040.77272727	20104024.3052	2.0	1.0
681	20150606	7040.77272727	20104024.3052	2.0	1.0
690	20150607	7040.77272727	20104024.3052	2.0	1.0
738	20150608	7040.77272727	20104024.3052	2.0	1.0
726	20150609	7040.77272727	20104024.3052	2.0	1.0
622	20150610	7040.77272727	20104024.3052	2.0	1.0
516	20150611	7040.77272727	20104024.3052	2.0	1.0
506	20150612	7040.77272727	20104024.3052	2.0	1.0
364	20150613	7040.77272727	20104024.3052	2.0	1.0
480	20150614	7040.77272727	20104024.3052	2.0	1.0
402	20150615	7040.77272727	20104024.3052	2.0	1.0
401	20150616	7040.77272727	20104024.3052	2.0	1.0
335	20150617	7040.77272727	20104024.3052	2.0	1.0
436	20150618	7040.77272727	20104024.3052	2.0	1.0
327	20150619	7040.77272727	20104024.3052	2.0	1.0
353	20150620	7040.77272727	20104024.3052	2.0	1.0
301	20150621	7040.77272727	20104024.3052	2.0	1.0
410	20150622	7040.77272727	20104024.3052	2.0	1.0
387	20150623	7040.77272727	20104024.3052	2.0	1.0
280	20150624	7040.77272727	20104024.3052	2.0	1.0
261	20150625	7040.77272727	20104024.3052	2.0	1.0
319	20150626	7040.77272727	20104024.3052	2.0	1.0
236	20150627	7040.77272727	20104024.3052	2.0	1.0
263	20150628	7040.77272727	20104024.3052	2.0	1.0
243	20150629	7040.77272727	20104024.3052	2.0	1.0
316	20150630	7040.77272727	20104024.3052	2.0	1.0
391	20150701	7040.77272727	20104024.3052	2.0	1.0
307	20150702	7040.77272727	20104024.3052	2.0	1.0
257	20150703	7040.77272727	20104024.3052	2.0	1.0
243	20150704	7040.77272727	20104024.3052	2.0	1.0
208	20150705	7040.77272727	20104024.3052	2.0	1.0
306	20150706	7040.77272727	20104024.3052	2.0	1.0
259	20150707	7040.77272727	20104024.3052	2.0	1.0
225	20150708	7040.77272727	20104024.3052	2.0	1.0
219	20150709	7040.77272727	20104024.3052	2.0	1.0
227	20150710	7040.77272727	20104024.3052	2.0	1.0
171	20150711	7040.77272727	20104024.3052	2.0	1.0
282	20150712	7040.77272727	20104024.3052	2.0	1.0
223	20150713	7040.77272727	20104024.3052	2.0	1.0
204	20150714	7040.77272727	20104024.3052	2.0	1.0
202	20150715	7040.77272727	20104024.3052	2.0	1.0
194	20150716	7040.77272727	20104024.3052	2.0	1.0
192	20150717	7040.77272727	20104024.3052	2.0	1.0
147	20150718	7040.77272727	20104024.3052	2.0	1.0
191	20150719	7040.77272727	20104024.3052	2.0	1.0
171	20150720	7040.77272727	20104024.3052	2.0	1.0
154	20150721	7040.77272727	20104024.3052	2.0	1.0
167	20150722	7040.77272727	20104024.3052	2.0	1.0
223	20150723	7040.77272727	20104024.3052	2.0	1.0
287	20150724	7040.77272727	20104024.3052	2.0	1.0
210	20150725	7040.77272727	20104024.3052	2.0	1.0
198	20150726	7040.77272727	20104024.3052	2.0	1.0
287	20150727	7040.77272727	20104024.3052	2.0	1.0
205	20150728	7040.77272727	20104024.3052	2.0	1.0
166	20150729	7040.77272727	20104024.3052	2.0	1.0
229	20150730	7040.77272727	20104024.3052	2.0	1.0
174	20150731	7040.77272727	20104024.3052	2.0	1.0
143	20150801	7040.77272727	20104024.3052	2.0	1.0
141	20150802	7040.77272727	20104024.3052	2.0	1.0
184	20150803	7040.77272727	20104024.3052	2.0	1.0
177	20150804	7040.77272727	20104024.3052	2.0	1.0
182	20150805	7040.77272727	20104024.3052	2.0	1.0
179	20150806	7040.77272727	20104024.3052	2.0	1.0
178	20150807	7040.77272727	20104024.3052	2.0	1.0
184	20150808	7040.77272727	20104024.3052	2.0	1.0
183	20150809	7040.77272727	20104024.3052	2.0	1.0
202	20150810	7040.77272727	20104024.3052	2.0	1.0
191	20150811	7040.77272727	20104024.3052	2.0	1.0
219	20150812	7040.77272727	20104024.3052	2.0	1.0
159	20150813	7040.77272727	20104024.3052	2.0	1.0
143	20150814	7040.77272727	20104024.3052	2.0	1.0
139	20150815	7040.77272727	20104024.3052	2.0	1.0
142	20150816	7040.77272727	20104024.3052	2.0	1.0
203	20150817	7040.77272727	20104024.3052	2.0	1.0
143	20150818	7040.77272727	20104024.3052	2.0	1.0
152	20150819	7040.77272727	20104024.3052	2.0	1.0
161	20150820	7040.77272727	20104024.3052	2.0	1.0
163	20150821	7040.77272727	20104024.3052	2.0	1.0
121	20150822	7040.77272727	20104024.3052	2.0	1.0
141	20150823	7040.77272727	20104024.3052	2.0	1.0
134	20150824	7040.77272727	20104024.3052	2.0	1.0
140	20150825	7040.77272727	20104024.3052	2.0	1.0
158	20150826	7040.77272727	20104024.3052	2.0	1.0
144	20150827	7040.77272727	20104024.3052	2.0	1.0
157	20150828	7040.77272727	20104024.3052	2.0	1.0
174	20150829	7040.77272727	20104024.3052	2.0	1.0
156	20150830	7040.77272727	20104024.3052	2.0	1.0
