1358	20150301	10351.2391188	19909967.8522	4.0	3.0
1127	20150302	10351.2391188	19909967.8522	4.0	3.0
1244	20150303	10351.2391188	19909967.8522	4.0	3.0
1188	20150304	10351.2391188	19909967.8522	4.0	3.0
1119	20150305	10351.2391188	19909967.8522	4.0	3.0
1239	20150306	10351.2391188	19909967.8522	4.0	3.0
1427	20150307	10351.2391188	19909967.8522	4.0	3.0
1549	20150308	10351.2391188	19909967.8522	4.0	3.0
1397	20150309	10351.2391188	19909967.8522	4.0	3.0
1280	20150310	10351.2391188	19909967.8522	4.0	3.0
1254	20150311	10351.2391188	19909967.8522	4.0	3.0
1381	20150312	10351.2391188	19909967.8522	4.0	3.0
1265	20150313	10351.2391188	19909967.8522	4.0	3.0
1203	20150314	10351.2391188	19909967.8522	4.0	3.0
1325	20150315	10351.2391188	19909967.8522	4.0	3.0
1571	20150316	10351.2391188	19909967.8522	4.0	3.0
1311	20150317	10351.2391188	19909967.8522	4.0	3.0
1324	20150318	10351.2391188	19909967.8522	4.0	3.0
1326	20150319	10351.2391188	19909967.8522	4.0	3.0
1910	20150320	10351.2391188	19909967.8522	4.0	3.0
3236	20150321	10351.2391188	19909967.8522	4.0	3.0
2300	20150322	10351.2391188	19909967.8522	4.0	3.0
2065	20150323	10351.2391188	19909967.8522	4.0	3.0
2089	20150324	10351.2391188	19909967.8522	4.0	3.0
1741	20150325	10351.2391188	19909967.8522	4.0	3.0
2170	20150326	10351.2391188	19909967.8522	4.0	3.0
2356	20150327	10351.2391188	19909967.8522	4.0	3.0
2067	20150328	10351.2391188	19909967.8522	4.0	3.0
1782	20150329	10351.2391188	19909967.8522	4.0	3.0
1832	20150330	10351.2391188	19909967.8522	4.0	3.0
1966	20150331	10351.2391188	19909967.8522	4.0	3.0
1893	20150401	10351.2391188	19909967.8522	4.0	3.0
1817	20150402	10351.2391188	19909967.8522	4.0	3.0
1964	20150403	10351.2391188	19909967.8522	4.0	3.0
1562	20150404	10351.2391188	19909967.8522	4.0	3.0
1754	20150405	10351.2391188	19909967.8522	4.0	3.0
2027	20150406	10351.2391188	19909967.8522	4.0	3.0
1694	20150407	10351.2391188	19909967.8522	4.0	3.0
1782	20150408	10351.2391188	19909967.8522	4.0	3.0
1596	20150409	10351.2391188	19909967.8522	4.0	3.0
1638	20150410	10351.2391188	19909967.8522	4.0	3.0
1874	20150411	10351.2391188	19909967.8522	4.0	3.0
2249	20150412	10351.2391188	19909967.8522	4.0	3.0
1515	20150413	10351.2391188	19909967.8522	4.0	3.0
1511	20150414	10351.2391188	19909967.8522	4.0	3.0
1349	20150415	10351.2391188	19909967.8522	4.0	3.0
1664	20150416	10351.2391188	19909967.8522	4.0	3.0
1694	20150417	10351.2391188	19909967.8522	4.0	3.0
1394	20150418	10351.2391188	19909967.8522	4.0	3.0
1506	20150419	10351.2391188	19909967.8522	4.0	3.0
1777	20150420	10351.2391188	19909967.8522	4.0	3.0
1655	20150421	10351.2391188	19909967.8522	4.0	3.0
1561	20150422	10351.2391188	19909967.8522	4.0	3.0
1791	20150423	10351.2391188	19909967.8522	4.0	3.0
1715	20150424	10351.2391188	19909967.8522	4.0	3.0
1657	20150425	10351.2391188	19909967.8522	4.0	3.0
1819	20150426	10351.2391188	19909967.8522	4.0	3.0
1432	20150427	10351.2391188	19909967.8522	4.0	3.0
1505	20150428	10351.2391188	19909967.8522	4.0	3.0
1534	20150429	10351.2391188	19909967.8522	4.0	3.0
1800	20150430	10351.2391188	19909967.8522	4.0	3.0
1432	20150501	10351.2391188	19909967.8522	4.0	3.0
1378	20150502	10351.2391188	19909967.8522	4.0	3.0
1489	20150503	10351.2391188	19909967.8522	4.0	3.0
1645	20150504	10351.2391188	19909967.8522	4.0	3.0
1673	20150505	10351.2391188	19909967.8522	4.0	3.0
1762	20150506	10351.2391188	19909967.8522	4.0	3.0
1734	20150507	10351.2391188	19909967.8522	4.0	3.0
1633	20150508	10351.2391188	19909967.8522	4.0	3.0
1559	20150509	10351.2391188	19909967.8522	4.0	3.0
1816	20150510	10351.2391188	19909967.8522	4.0	3.0
1234	20150511	10351.2391188	19909967.8522	4.0	3.0
1788	20150512	10351.2391188	19909967.8522	4.0	3.0
1512	20150513	10351.2391188	19909967.8522	4.0	3.0
1611	20150514	10351.2391188	19909967.8522	4.0	3.0
1702	20150515	10351.2391188	19909967.8522	4.0	3.0
1698	20150516	10351.2391188	19909967.8522	4.0	3.0
3972	20150517	10351.2391188	19909967.8522	4.0	3.0
4317	20150518	10351.2391188	19909967.8522	4.0	3.0
3241	20150519	10351.2391188	19909967.8522	4.0	3.0
3105	20150520	10351.2391188	19909967.8522	4.0	3.0
3143	20150521	10351.2391188	19909967.8522	4.0	3.0
2526	20150522	10351.2391188	19909967.8522	4.0	3.0
2698	20150523	10351.2391188	19909967.8522	4.0	3.0
2461	20150524	10351.2391188	19909967.8522	4.0	3.0
2183	20150525	10351.2391188	19909967.8522	4.0	3.0
2636	20150526	10351.2391188	19909967.8522	4.0	3.0
2057	20150527	10351.2391188	19909967.8522	4.0	3.0
2646	20150528	10351.2391188	19909967.8522	4.0	3.0
3347	20150529	10351.2391188	19909967.8522	4.0	3.0
3702	20150530	10351.2391188	19909967.8522	4.0	3.0
3569	20150531	10351.2391188	19909967.8522	4.0	3.0
2607	20150601	10351.2391188	19909967.8522	4.0	3.0
2745	20150602	10351.2391188	19909967.8522	4.0	3.0
2562	20150603	10351.2391188	19909967.8522	4.0	3.0
2396	20150604	10351.2391188	19909967.8522	4.0	3.0
2139	20150605	10351.2391188	19909967.8522	4.0	3.0
2070	20150606	10351.2391188	19909967.8522	4.0	3.0
2238	20150607	10351.2391188	19909967.8522	4.0	3.0
2239	20150608	10351.2391188	19909967.8522	4.0	3.0
2169	20150609	10351.2391188	19909967.8522	4.0	3.0
2453	20150610	10351.2391188	19909967.8522	4.0	3.0
2215	20150611	10351.2391188	19909967.8522	4.0	3.0
2027	20150612	10351.2391188	19909967.8522	4.0	3.0
2170	20150613	10351.2391188	19909967.8522	4.0	3.0
2126	20150614	10351.2391188	19909967.8522	4.0	3.0
2396	20150615	10351.2391188	19909967.8522	4.0	3.0
2428	20150616	10351.2391188	19909967.8522	4.0	3.0
3394	20150617	10351.2391188	19909967.8522	4.0	3.0
3708	20150618	10351.2391188	19909967.8522	4.0	3.0
2236	20150619	10351.2391188	19909967.8522	4.0	3.0
2077	20150620	10351.2391188	19909967.8522	4.0	3.0
2479	20150621	10351.2391188	19909967.8522	4.0	3.0
2333	20150622	10351.2391188	19909967.8522	4.0	3.0
2123	20150623	10351.2391188	19909967.8522	4.0	3.0
2200	20150624	10351.2391188	19909967.8522	4.0	3.0
2151	20150625	10351.2391188	19909967.8522	4.0	3.0
1844	20150626	10351.2391188	19909967.8522	4.0	3.0
1923	20150627	10351.2391188	19909967.8522	4.0	3.0
1936	20150628	10351.2391188	19909967.8522	4.0	3.0
1926	20150629	10351.2391188	19909967.8522	4.0	3.0
2042	20150630	10351.2391188	19909967.8522	4.0	3.0
1997	20150701	10351.2391188	19909967.8522	4.0	3.0
2434	20150702	10351.2391188	19909967.8522	4.0	3.0
1982	20150703	10351.2391188	19909967.8522	4.0	3.0
1977	20150704	10351.2391188	19909967.8522	4.0	3.0
2327	20150705	10351.2391188	19909967.8522	4.0	3.0
2236	20150706	10351.2391188	19909967.8522	4.0	3.0
2176	20150707	10351.2391188	19909967.8522	4.0	3.0
2037	20150708	10351.2391188	19909967.8522	4.0	3.0
2241	20150709	10351.2391188	19909967.8522	4.0	3.0
1812	20150710	10351.2391188	19909967.8522	4.0	3.0
2138	20150711	10351.2391188	19909967.8522	4.0	3.0
2176	20150712	10351.2391188	19909967.8522	4.0	3.0
2477	20150713	10351.2391188	19909967.8522	4.0	3.0
2277	20150714	10351.2391188	19909967.8522	4.0	3.0
2368	20150715	10351.2391188	19909967.8522	4.0	3.0
2638	20150716	10351.2391188	19909967.8522	4.0	3.0
2025	20150717	10351.2391188	19909967.8522	4.0	3.0
1990	20150718	10351.2391188	19909967.8522	4.0	3.0
2371	20150719	10351.2391188	19909967.8522	4.0	3.0
2325	20150720	10351.2391188	19909967.8522	4.0	3.0
2211	20150721	10351.2391188	19909967.8522	4.0	3.0
1877	20150722	10351.2391188	19909967.8522	4.0	3.0
2160	20150723	10351.2391188	19909967.8522	4.0	3.0
1944	20150724	10351.2391188	19909967.8522	4.0	3.0
2236	20150725	10351.2391188	19909967.8522	4.0	3.0
2488	20150726	10351.2391188	19909967.8522	4.0	3.0
1986	20150727	10351.2391188	19909967.8522	4.0	3.0
1796	20150728	10351.2391188	19909967.8522	4.0	3.0
1936	20150729	10351.2391188	19909967.8522	4.0	3.0
1974	20150730	10351.2391188	19909967.8522	4.0	3.0
1898	20150731	10351.2391188	19909967.8522	4.0	3.0
1630	20150801	10351.2391188	19909967.8522	4.0	3.0
1894	20150802	10351.2391188	19909967.8522	4.0	3.0
1908	20150803	10351.2391188	19909967.8522	4.0	3.0
1717	20150804	10351.2391188	19909967.8522	4.0	3.0
1948	20150805	10351.2391188	19909967.8522	4.0	3.0
2156	20150806	10351.2391188	19909967.8522	4.0	3.0
1946	20150807	10351.2391188	19909967.8522	4.0	3.0
1596	20150808	10351.2391188	19909967.8522	4.0	3.0
1915	20150809	10351.2391188	19909967.8522	4.0	3.0
1729	20150810	10351.2391188	19909967.8522	4.0	3.0
1810	20150811	10351.2391188	19909967.8522	4.0	3.0
2332	20150812	10351.2391188	19909967.8522	4.0	3.0
1904	20150813	10351.2391188	19909967.8522	4.0	3.0
1992	20150814	10351.2391188	19909967.8522	4.0	3.0
1848	20150815	10351.2391188	19909967.8522	4.0	3.0
2062	20150816	10351.2391188	19909967.8522	4.0	3.0
2003	20150817	10351.2391188	19909967.8522	4.0	3.0
1805	20150818	10351.2391188	19909967.8522	4.0	3.0
2028	20150819	10351.2391188	19909967.8522	4.0	3.0
2220	20150820	10351.2391188	19909967.8522	4.0	3.0
2255	20150821	10351.2391188	19909967.8522	4.0	3.0
2009	20150822	10351.2391188	19909967.8522	4.0	3.0
2005	20150823	10351.2391188	19909967.8522	4.0	3.0
2199	20150824	10351.2391188	19909967.8522	4.0	3.0
1784	20150825	10351.2391188	19909967.8522	4.0	3.0
1673	20150826	10351.2391188	19909967.8522	4.0	3.0
2089	20150827	10351.2391188	19909967.8522	4.0	3.0
2012	20150828	10351.2391188	19909967.8522	4.0	3.0
2116	20150829	10351.2391188	19909967.8522	4.0	3.0
2086	20150830	10351.2391188	19909967.8522	4.0	3.0
