34	20150301	96552.1	20137628.9	3.0	2.0
62	20150302	96552.1	20137628.9	3.0	2.0
43	20150303	96552.1	20137628.9	3.0	2.0
40	20150304	96552.1	20137628.9	3.0	2.0
56	20150305	96552.1	20137628.9	3.0	2.0
129	20150306	96552.1	20137628.9	3.0	2.0
19	20150307	96552.1	20137628.9	3.0	2.0
27	20150308	96552.1	20137628.9	3.0	2.0
17	20150309	96552.1	20137628.9	3.0	2.0
37	20150310	96552.1	20137628.9	3.0	2.0
12	20150311	96552.1	20137628.9	3.0	2.0
12	20150312	96552.1	20137628.9	3.0	2.0
18	20150313	96552.1	20137628.9	3.0	2.0
41	20150314	96552.1	20137628.9	3.0	2.0
16	20150315	96552.1	20137628.9	3.0	2.0
37	20150316	96552.1	20137628.9	3.0	2.0
15	20150317	96552.1	20137628.9	3.0	2.0
27	20150318	96552.1	20137628.9	3.0	2.0
30	20150319	96552.1	20137628.9	3.0	2.0
41	20150320	96552.1	20137628.9	3.0	2.0
18	20150321	96552.1	20137628.9	3.0	2.0
33	20150322	96552.1	20137628.9	3.0	2.0
28	20150323	96552.1	20137628.9	3.0	2.0
19	20150324	96552.1	20137628.9	3.0	2.0
30	20150325	96552.1	20137628.9	3.0	2.0
19	20150326	96552.1	20137628.9	3.0	2.0
22	20150327	96552.1	20137628.9	3.0	2.0
23	20150328	96552.1	20137628.9	3.0	2.0
45	20150329	96552.1	20137628.9	3.0	2.0
51	20150330	96552.1	20137628.9	3.0	2.0
38	20150331	96552.1	20137628.9	3.0	2.0
22	20150401	96552.1	20137628.9	3.0	2.0
14	20150402	96552.1	20137628.9	3.0	2.0
62	20150403	96552.1	20137628.9	3.0	2.0
26	20150404	96552.1	20137628.9	3.0	2.0
31	20150405	96552.1	20137628.9	3.0	2.0
30	20150406	96552.1	20137628.9	3.0	2.0
39	20150407	96552.1	20137628.9	3.0	2.0
35	20150408	96552.1	20137628.9	3.0	2.0
37	20150409	96552.1	20137628.9	3.0	2.0
31	20150410	96552.1	20137628.9	3.0	2.0
33	20150411	96552.1	20137628.9	3.0	2.0
26	20150412	96552.1	20137628.9	3.0	2.0
20	20150413	96552.1	20137628.9	3.0	2.0
27	20150414	96552.1	20137628.9	3.0	2.0
14	20150415	96552.1	20137628.9	3.0	2.0
29	20150416	96552.1	20137628.9	3.0	2.0
11	20150417	96552.1	20137628.9	3.0	2.0
27	20150418	96552.1	20137628.9	3.0	2.0
39	20150419	96552.1	20137628.9	3.0	2.0
28	20150420	96552.1	20137628.9	3.0	2.0
26	20150421	96552.1	20137628.9	3.0	2.0
18	20150422	96552.1	20137628.9	3.0	2.0
22	20150423	96552.1	20137628.9	3.0	2.0
31	20150424	96552.1	20137628.9	3.0	2.0
23	20150425	96552.1	20137628.9	3.0	2.0
39	20150426	96552.1	20137628.9	3.0	2.0
39	20150427	96552.1	20137628.9	3.0	2.0
42	20150428	96552.1	20137628.9	3.0	2.0
37	20150429	96552.1	20137628.9	3.0	2.0
38	20150430	96552.1	20137628.9	3.0	2.0
28	20150501	96552.1	20137628.9	3.0	2.0
16	20150502	96552.1	20137628.9	3.0	2.0
20	20150503	96552.1	20137628.9	3.0	2.0
27	20150504	96552.1	20137628.9	3.0	2.0
27	20150505	96552.1	20137628.9	3.0	2.0
12	20150506	96552.1	20137628.9	3.0	2.0
24	20150507	96552.1	20137628.9	3.0	2.0
14	20150508	96552.1	20137628.9	3.0	2.0
13	20150509	96552.1	20137628.9	3.0	2.0
19	20150510	96552.1	20137628.9	3.0	2.0
15	20150511	96552.1	20137628.9	3.0	2.0
14	20150512	96552.1	20137628.9	3.0	2.0
28	20150513	96552.1	20137628.9	3.0	2.0
25	20150514	96552.1	20137628.9	3.0	2.0
36	20150515	96552.1	20137628.9	3.0	2.0
25	20150516	96552.1	20137628.9	3.0	2.0
37	20150517	96552.1	20137628.9	3.0	2.0
35	20150518	96552.1	20137628.9	3.0	2.0
25	20150519	96552.1	20137628.9	3.0	2.0
27	20150520	96552.1	20137628.9	3.0	2.0
41	20150521	96552.1	20137628.9	3.0	2.0
34	20150522	96552.1	20137628.9	3.0	2.0
29	20150523	96552.1	20137628.9	3.0	2.0
38	20150524	96552.1	20137628.9	3.0	2.0
49	20150525	96552.1	20137628.9	3.0	2.0
36	20150526	96552.1	20137628.9	3.0	2.0
29	20150527	96552.1	20137628.9	3.0	2.0
23	20150528	96552.1	20137628.9	3.0	2.0
26	20150529	96552.1	20137628.9	3.0	2.0
26	20150530	96552.1	20137628.9	3.0	2.0
32	20150531	96552.1	20137628.9	3.0	2.0
44	20150601	96552.1	20137628.9	3.0	2.0
24	20150602	96552.1	20137628.9	3.0	2.0
19	20150603	96552.1	20137628.9	3.0	2.0
29	20150604	96552.1	20137628.9	3.0	2.0
29	20150605	96552.1	20137628.9	3.0	2.0
26	20150606	96552.1	20137628.9	3.0	2.0
23	20150607	96552.1	20137628.9	3.0	2.0
17	20150608	96552.1	20137628.9	3.0	2.0
19	20150609	96552.1	20137628.9	3.0	2.0
32	20150610	96552.1	20137628.9	3.0	2.0
29	20150611	96552.1	20137628.9	3.0	2.0
26	20150612	96552.1	20137628.9	3.0	2.0
16	20150613	96552.1	20137628.9	3.0	2.0
90	20150614	96552.1	20137628.9	3.0	2.0
13	20150615	96552.1	20137628.9	3.0	2.0
37	20150616	96552.1	20137628.9	3.0	2.0
13	20150617	96552.1	20137628.9	3.0	2.0
29	20150618	96552.1	20137628.9	3.0	2.0
19	20150619	96552.1	20137628.9	3.0	2.0
17	20150620	96552.1	20137628.9	3.0	2.0
60	20150621	96552.1	20137628.9	3.0	2.0
153	20150622	96552.1	20137628.9	3.0	2.0
22	20150623	96552.1	20137628.9	3.0	2.0
15	20150624	96552.1	20137628.9	3.0	2.0
16	20150625	96552.1	20137628.9	3.0	2.0
21	20150626	96552.1	20137628.9	3.0	2.0
16	20150627	96552.1	20137628.9	3.0	2.0
34	20150628	96552.1	20137628.9	3.0	2.0
23	20150629	96552.1	20137628.9	3.0	2.0
33	20150630	96552.1	20137628.9	3.0	2.0
23	20150701	96552.1	20137628.9	3.0	2.0
49	20150702	96552.1	20137628.9	3.0	2.0
32	20150703	96552.1	20137628.9	3.0	2.0
36	20150704	96552.1	20137628.9	3.0	2.0
19	20150705	96552.1	20137628.9	3.0	2.0
20	20150706	96552.1	20137628.9	3.0	2.0
16	20150707	96552.1	20137628.9	3.0	2.0
26	20150708	96552.1	20137628.9	3.0	2.0
52	20150709	96552.1	20137628.9	3.0	2.0
106	20150710	96552.1	20137628.9	3.0	2.0
38	20150711	96552.1	20137628.9	3.0	2.0
13	20150712	96552.1	20137628.9	3.0	2.0
19	20150713	96552.1	20137628.9	3.0	2.0
12	20150714	96552.1	20137628.9	3.0	2.0
21	20150715	96552.1	20137628.9	3.0	2.0
28	20150716	96552.1	20137628.9	3.0	2.0
48	20150717	96552.1	20137628.9	3.0	2.0
32	20150718	96552.1	20137628.9	3.0	2.0
25	20150719	96552.1	20137628.9	3.0	2.0
59	20150720	96552.1	20137628.9	3.0	2.0
45	20150721	96552.1	20137628.9	3.0	2.0
13	20150722	96552.1	20137628.9	3.0	2.0
7	20150723	96552.1	20137628.9	3.0	2.0
17	20150724	96552.1	20137628.9	3.0	2.0
14	20150725	96552.1	20137628.9	3.0	2.0
26	20150726	96552.1	20137628.9	3.0	2.0
17	20150727	96552.1	20137628.9	3.0	2.0
21	20150728	96552.1	20137628.9	3.0	2.0
15	20150729	96552.1	20137628.9	3.0	2.0
21	20150730	96552.1	20137628.9	3.0	2.0
17	20150731	96552.1	20137628.9	3.0	2.0
19	20150801	96552.1	20137628.9	3.0	2.0
17	20150802	96552.1	20137628.9	3.0	2.0
29	20150803	96552.1	20137628.9	3.0	2.0
23	20150804	96552.1	20137628.9	3.0	2.0
15	20150805	96552.1	20137628.9	3.0	2.0
24	20150806	96552.1	20137628.9	3.0	2.0
27	20150807	96552.1	20137628.9	3.0	2.0
41	20150808	96552.1	20137628.9	3.0	2.0
22	20150809	96552.1	20137628.9	3.0	2.0
35	20150810	96552.1	20137628.9	3.0	2.0
11	20150811	96552.1	20137628.9	3.0	2.0
36	20150812	96552.1	20137628.9	3.0	2.0
25	20150813	96552.1	20137628.9	3.0	2.0
13	20150814	96552.1	20137628.9	3.0	2.0
30	20150815	96552.1	20137628.9	3.0	2.0
20	20150816	96552.1	20137628.9	3.0	2.0
21	20150817	96552.1	20137628.9	3.0	2.0
20	20150818	96552.1	20137628.9	3.0	2.0
21	20150819	96552.1	20137628.9	3.0	2.0
19	20150820	96552.1	20137628.9	3.0	2.0
36	20150821	96552.1	20137628.9	3.0	2.0
85	20150822	96552.1	20137628.9	3.0	2.0
13	20150823	96552.1	20137628.9	3.0	2.0
29	20150824	96552.1	20137628.9	3.0	2.0
25	20150825	96552.1	20137628.9	3.0	2.0
39	20150826	96552.1	20137628.9	3.0	2.0
22	20150827	96552.1	20137628.9	3.0	2.0
28	20150828	96552.1	20137628.9	3.0	2.0
27	20150829	96552.1	20137628.9	3.0	2.0
22	20150830	96552.1	20137628.9	3.0	2.0
