365	20150301	32236.7106599	20053803.3858	22.1624365482	1.0
226	20150302	32236.7106599	20053803.3858	22.1624365482	1.0
301	20150303	32236.7106599	20053803.3858	22.1624365482	1.0
302	20150304	32236.7106599	20053803.3858	22.1624365482	1.0
356	20150305	32236.7106599	20053803.3858	22.1624365482	1.0
275	20150306	32236.7106599	20053803.3858	22.1624365482	1.0
325	20150307	32236.7106599	20053803.3858	22.1624365482	1.0
373	20150308	32236.7106599	20053803.3858	22.1624365482	1.0
304	20150309	32236.7106599	20053803.3858	22.1624365482	1.0
689	20150310	32236.7106599	20053803.3858	22.1624365482	1.0
524	20150311	32236.7106599	20053803.3858	22.1624365482	1.0
402	20150312	32236.7106599	20053803.3858	22.1624365482	1.0
378	20150313	32236.7106599	20053803.3858	22.1624365482	1.0
398	20150314	32236.7106599	20053803.3858	22.1624365482	1.0
406	20150315	32236.7106599	20053803.3858	22.1624365482	1.0
304	20150316	32236.7106599	20053803.3858	22.1624365482	1.0
421	20150317	32236.7106599	20053803.3858	22.1624365482	1.0
257	20150318	32236.7106599	20053803.3858	22.1624365482	1.0
383	20150319	32236.7106599	20053803.3858	22.1624365482	1.0
252	20150320	32236.7106599	20053803.3858	22.1624365482	1.0
267	20150321	32236.7106599	20053803.3858	22.1624365482	1.0
432	20150322	32236.7106599	20053803.3858	22.1624365482	1.0
424	20150323	32236.7106599	20053803.3858	22.1624365482	1.0
263	20150324	32236.7106599	20053803.3858	22.1624365482	1.0
369	20150325	32236.7106599	20053803.3858	22.1624365482	1.0
266	20150326	32236.7106599	20053803.3858	22.1624365482	1.0
303	20150327	32236.7106599	20053803.3858	22.1624365482	1.0
254	20150328	32236.7106599	20053803.3858	22.1624365482	1.0
313	20150329	32236.7106599	20053803.3858	22.1624365482	1.0
315	20150330	32236.7106599	20053803.3858	22.1624365482	1.0
398	20150331	32236.7106599	20053803.3858	22.1624365482	1.0
355	20150401	32236.7106599	20053803.3858	22.1624365482	1.0
479	20150402	32236.7106599	20053803.3858	22.1624365482	1.0
489	20150403	32236.7106599	20053803.3858	22.1624365482	1.0
466	20150404	32236.7106599	20053803.3858	22.1624365482	1.0
531	20150405	32236.7106599	20053803.3858	22.1624365482	1.0
461	20150406	32236.7106599	20053803.3858	22.1624365482	1.0
690	20150407	32236.7106599	20053803.3858	22.1624365482	1.0
553	20150408	32236.7106599	20053803.3858	22.1624365482	1.0
442	20150409	32236.7106599	20053803.3858	22.1624365482	1.0
488	20150410	32236.7106599	20053803.3858	22.1624365482	1.0
638	20150411	32236.7106599	20053803.3858	22.1624365482	1.0
485	20150412	32236.7106599	20053803.3858	22.1624365482	1.0
527	20150413	32236.7106599	20053803.3858	22.1624365482	1.0
480	20150414	32236.7106599	20053803.3858	22.1624365482	1.0
439	20150415	32236.7106599	20053803.3858	22.1624365482	1.0
456	20150416	32236.7106599	20053803.3858	22.1624365482	1.0
609	20150417	32236.7106599	20053803.3858	22.1624365482	1.0
590	20150418	32236.7106599	20053803.3858	22.1624365482	1.0
474	20150419	32236.7106599	20053803.3858	22.1624365482	1.0
485	20150420	32236.7106599	20053803.3858	22.1624365482	1.0
518	20150421	32236.7106599	20053803.3858	22.1624365482	1.0
399	20150422	32236.7106599	20053803.3858	22.1624365482	1.0
437	20150423	32236.7106599	20053803.3858	22.1624365482	1.0
460	20150424	32236.7106599	20053803.3858	22.1624365482	1.0
518	20150425	32236.7106599	20053803.3858	22.1624365482	1.0
422	20150426	32236.7106599	20053803.3858	22.1624365482	1.0
493	20150427	32236.7106599	20053803.3858	22.1624365482	1.0
424	20150428	32236.7106599	20053803.3858	22.1624365482	1.0
473	20150429	32236.7106599	20053803.3858	22.1624365482	1.0
492	20150430	32236.7106599	20053803.3858	22.1624365482	1.0
529	20150501	32236.7106599	20053803.3858	22.1624365482	1.0
484	20150502	32236.7106599	20053803.3858	22.1624365482	1.0
645	20150503	32236.7106599	20053803.3858	22.1624365482	1.0
414	20150504	32236.7106599	20053803.3858	22.1624365482	1.0
549	20150505	32236.7106599	20053803.3858	22.1624365482	1.0
584	20150506	32236.7106599	20053803.3858	22.1624365482	1.0
707	20150507	32236.7106599	20053803.3858	22.1624365482	1.0
675	20150508	32236.7106599	20053803.3858	22.1624365482	1.0
537	20150509	32236.7106599	20053803.3858	22.1624365482	1.0
591	20150510	32236.7106599	20053803.3858	22.1624365482	1.0
600	20150511	32236.7106599	20053803.3858	22.1624365482	1.0
454	20150512	32236.7106599	20053803.3858	22.1624365482	1.0
404	20150513	32236.7106599	20053803.3858	22.1624365482	1.0
492	20150514	32236.7106599	20053803.3858	22.1624365482	1.0
450	20150515	32236.7106599	20053803.3858	22.1624365482	1.0
410	20150516	32236.7106599	20053803.3858	22.1624365482	1.0
562	20150517	32236.7106599	20053803.3858	22.1624365482	1.0
449	20150518	32236.7106599	20053803.3858	22.1624365482	1.0
641	20150519	32236.7106599	20053803.3858	22.1624365482	1.0
547	20150520	32236.7106599	20053803.3858	22.1624365482	1.0
527	20150521	32236.7106599	20053803.3858	22.1624365482	1.0
539	20150522	32236.7106599	20053803.3858	22.1624365482	1.0
522	20150523	32236.7106599	20053803.3858	22.1624365482	1.0
590	20150524	32236.7106599	20053803.3858	22.1624365482	1.0
473	20150525	32236.7106599	20053803.3858	22.1624365482	1.0
551	20150526	32236.7106599	20053803.3858	22.1624365482	1.0
467	20150527	32236.7106599	20053803.3858	22.1624365482	1.0
559	20150528	32236.7106599	20053803.3858	22.1624365482	1.0
502	20150529	32236.7106599	20053803.3858	22.1624365482	1.0
515	20150530	32236.7106599	20053803.3858	22.1624365482	1.0
521	20150531	32236.7106599	20053803.3858	22.1624365482	1.0
512	20150601	32236.7106599	20053803.3858	22.1624365482	1.0
636	20150602	32236.7106599	20053803.3858	22.1624365482	1.0
572	20150603	32236.7106599	20053803.3858	22.1624365482	1.0
562	20150604	32236.7106599	20053803.3858	22.1624365482	1.0
522	20150605	32236.7106599	20053803.3858	22.1624365482	1.0
501	20150606	32236.7106599	20053803.3858	22.1624365482	1.0
458	20150607	32236.7106599	20053803.3858	22.1624365482	1.0
584	20150608	32236.7106599	20053803.3858	22.1624365482	1.0
539	20150609	32236.7106599	20053803.3858	22.1624365482	1.0
516	20150610	32236.7106599	20053803.3858	22.1624365482	1.0
618	20150611	32236.7106599	20053803.3858	22.1624365482	1.0
547	20150612	32236.7106599	20053803.3858	22.1624365482	1.0
542	20150613	32236.7106599	20053803.3858	22.1624365482	1.0
492	20150614	32236.7106599	20053803.3858	22.1624365482	1.0
611	20150615	32236.7106599	20053803.3858	22.1624365482	1.0
723	20150616	32236.7106599	20053803.3858	22.1624365482	1.0
517	20150617	32236.7106599	20053803.3858	22.1624365482	1.0
531	20150618	32236.7106599	20053803.3858	22.1624365482	1.0
520	20150619	32236.7106599	20053803.3858	22.1624365482	1.0
502	20150620	32236.7106599	20053803.3858	22.1624365482	1.0
473	20150621	32236.7106599	20053803.3858	22.1624365482	1.0
536	20150622	32236.7106599	20053803.3858	22.1624365482	1.0
573	20150623	32236.7106599	20053803.3858	22.1624365482	1.0
503	20150624	32236.7106599	20053803.3858	22.1624365482	1.0
474	20150625	32236.7106599	20053803.3858	22.1624365482	1.0
481	20150626	32236.7106599	20053803.3858	22.1624365482	1.0
579	20150627	32236.7106599	20053803.3858	22.1624365482	1.0
524	20150628	32236.7106599	20053803.3858	22.1624365482	1.0
522	20150629	32236.7106599	20053803.3858	22.1624365482	1.0
543	20150630	32236.7106599	20053803.3858	22.1624365482	1.0
515	20150701	32236.7106599	20053803.3858	22.1624365482	1.0
518	20150702	32236.7106599	20053803.3858	22.1624365482	1.0
445	20150703	32236.7106599	20053803.3858	22.1624365482	1.0
519	20150704	32236.7106599	20053803.3858	22.1624365482	1.0
584	20150705	32236.7106599	20053803.3858	22.1624365482	1.0
607	20150706	32236.7106599	20053803.3858	22.1624365482	1.0
459	20150707	32236.7106599	20053803.3858	22.1624365482	1.0
543	20150708	32236.7106599	20053803.3858	22.1624365482	1.0
569	20150709	32236.7106599	20053803.3858	22.1624365482	1.0
582	20150710	32236.7106599	20053803.3858	22.1624365482	1.0
537	20150711	32236.7106599	20053803.3858	22.1624365482	1.0
581	20150712	32236.7106599	20053803.3858	22.1624365482	1.0
566	20150713	32236.7106599	20053803.3858	22.1624365482	1.0
560	20150714	32236.7106599	20053803.3858	22.1624365482	1.0
555	20150715	32236.7106599	20053803.3858	22.1624365482	1.0
817	20150716	32236.7106599	20053803.3858	22.1624365482	1.0
615	20150717	32236.7106599	20053803.3858	22.1624365482	1.0
678	20150718	32236.7106599	20053803.3858	22.1624365482	1.0
580	20150719	32236.7106599	20053803.3858	22.1624365482	1.0
597	20150720	32236.7106599	20053803.3858	22.1624365482	1.0
474	20150721	32236.7106599	20053803.3858	22.1624365482	1.0
588	20150722	32236.7106599	20053803.3858	22.1624365482	1.0
693	20150723	32236.7106599	20053803.3858	22.1624365482	1.0
586	20150724	32236.7106599	20053803.3858	22.1624365482	1.0
518	20150725	32236.7106599	20053803.3858	22.1624365482	1.0
540	20150726	32236.7106599	20053803.3858	22.1624365482	1.0
549	20150727	32236.7106599	20053803.3858	22.1624365482	1.0
583	20150728	32236.7106599	20053803.3858	22.1624365482	1.0
605	20150729	32236.7106599	20053803.3858	22.1624365482	1.0
537	20150730	32236.7106599	20053803.3858	22.1624365482	1.0
526	20150731	32236.7106599	20053803.3858	22.1624365482	1.0
454	20150801	32236.7106599	20053803.3858	22.1624365482	1.0
590	20150802	32236.7106599	20053803.3858	22.1624365482	1.0
487	20150803	32236.7106599	20053803.3858	22.1624365482	1.0
491	20150804	32236.7106599	20053803.3858	22.1624365482	1.0
662	20150805	32236.7106599	20053803.3858	22.1624365482	1.0
493	20150806	32236.7106599	20053803.3858	22.1624365482	1.0
443	20150807	32236.7106599	20053803.3858	22.1624365482	1.0
465	20150808	32236.7106599	20053803.3858	22.1624365482	1.0
720	20150809	32236.7106599	20053803.3858	22.1624365482	1.0
512	20150810	32236.7106599	20053803.3858	22.1624365482	1.0
517	20150811	32236.7106599	20053803.3858	22.1624365482	1.0
635	20150812	32236.7106599	20053803.3858	22.1624365482	1.0
886	20150813	32236.7106599	20053803.3858	22.1624365482	1.0
649	20150814	32236.7106599	20053803.3858	22.1624365482	1.0
609	20150815	32236.7106599	20053803.3858	22.1624365482	1.0
672	20150816	32236.7106599	20053803.3858	22.1624365482	1.0
624	20150817	32236.7106599	20053803.3858	22.1624365482	1.0
637	20150818	32236.7106599	20053803.3858	22.1624365482	1.0
492	20150819	32236.7106599	20053803.3858	22.1624365482	1.0
596	20150820	32236.7106599	20053803.3858	22.1624365482	1.0
573	20150821	32236.7106599	20053803.3858	22.1624365482	1.0
651	20150822	32236.7106599	20053803.3858	22.1624365482	1.0
536	20150823	32236.7106599	20053803.3858	22.1624365482	1.0
532	20150824	32236.7106599	20053803.3858	22.1624365482	1.0
537	20150825	32236.7106599	20053803.3858	22.1624365482	1.0
459	20150826	32236.7106599	20053803.3858	22.1624365482	1.0
550	20150827	32236.7106599	20053803.3858	22.1624365482	1.0
622	20150828	32236.7106599	20053803.3858	22.1624365482	1.0
622	20150829	32236.7106599	20053803.3858	22.1624365482	1.0
681	20150830	32236.7106599	20053803.3858	22.1624365482	1.0
