64	20150301	34660.8358209	20118084.2239	3.08955223881	2.0
83	20150302	34660.8358209	20118084.2239	3.08955223881	2.0
99	20150303	34660.8358209	20118084.2239	3.08955223881	2.0
93	20150304	34660.8358209	20118084.2239	3.08955223881	2.0
92	20150305	34660.8358209	20118084.2239	3.08955223881	2.0
92	20150306	34660.8358209	20118084.2239	3.08955223881	2.0
102	20150307	34660.8358209	20118084.2239	3.08955223881	2.0
80	20150308	34660.8358209	20118084.2239	3.08955223881	2.0
87	20150309	34660.8358209	20118084.2239	3.08955223881	2.0
91	20150310	34660.8358209	20118084.2239	3.08955223881	2.0
107	20150311	34660.8358209	20118084.2239	3.08955223881	2.0
101	20150312	34660.8358209	20118084.2239	3.08955223881	2.0
77	20150313	34660.8358209	20118084.2239	3.08955223881	2.0
68	20150314	34660.8358209	20118084.2239	3.08955223881	2.0
63	20150315	34660.8358209	20118084.2239	3.08955223881	2.0
85	20150316	34660.8358209	20118084.2239	3.08955223881	2.0
65	20150317	34660.8358209	20118084.2239	3.08955223881	2.0
70	20150318	34660.8358209	20118084.2239	3.08955223881	2.0
91	20150319	34660.8358209	20118084.2239	3.08955223881	2.0
99	20150320	34660.8358209	20118084.2239	3.08955223881	2.0
66	20150321	34660.8358209	20118084.2239	3.08955223881	2.0
71	20150322	34660.8358209	20118084.2239	3.08955223881	2.0
93	20150323	34660.8358209	20118084.2239	3.08955223881	2.0
108	20150324	34660.8358209	20118084.2239	3.08955223881	2.0
93	20150325	34660.8358209	20118084.2239	3.08955223881	2.0
122	20150326	34660.8358209	20118084.2239	3.08955223881	2.0
145	20150327	34660.8358209	20118084.2239	3.08955223881	2.0
96	20150328	34660.8358209	20118084.2239	3.08955223881	2.0
92	20150329	34660.8358209	20118084.2239	3.08955223881	2.0
97	20150330	34660.8358209	20118084.2239	3.08955223881	2.0
75	20150331	34660.8358209	20118084.2239	3.08955223881	2.0
83	20150401	34660.8358209	20118084.2239	3.08955223881	2.0
70	20150402	34660.8358209	20118084.2239	3.08955223881	2.0
107	20150403	34660.8358209	20118084.2239	3.08955223881	2.0
127	20150404	34660.8358209	20118084.2239	3.08955223881	2.0
100	20150405	34660.8358209	20118084.2239	3.08955223881	2.0
103	20150406	34660.8358209	20118084.2239	3.08955223881	2.0
89	20150407	34660.8358209	20118084.2239	3.08955223881	2.0
96	20150408	34660.8358209	20118084.2239	3.08955223881	2.0
106	20150409	34660.8358209	20118084.2239	3.08955223881	2.0
94	20150410	34660.8358209	20118084.2239	3.08955223881	2.0
96	20150411	34660.8358209	20118084.2239	3.08955223881	2.0
113	20150412	34660.8358209	20118084.2239	3.08955223881	2.0
116	20150413	34660.8358209	20118084.2239	3.08955223881	2.0
96	20150414	34660.8358209	20118084.2239	3.08955223881	2.0
153	20150415	34660.8358209	20118084.2239	3.08955223881	2.0
125	20150416	34660.8358209	20118084.2239	3.08955223881	2.0
110	20150417	34660.8358209	20118084.2239	3.08955223881	2.0
93	20150418	34660.8358209	20118084.2239	3.08955223881	2.0
112	20150419	34660.8358209	20118084.2239	3.08955223881	2.0
98	20150420	34660.8358209	20118084.2239	3.08955223881	2.0
127	20150421	34660.8358209	20118084.2239	3.08955223881	2.0
111	20150422	34660.8358209	20118084.2239	3.08955223881	2.0
96	20150423	34660.8358209	20118084.2239	3.08955223881	2.0
123	20150424	34660.8358209	20118084.2239	3.08955223881	2.0
95	20150425	34660.8358209	20118084.2239	3.08955223881	2.0
132	20150426	34660.8358209	20118084.2239	3.08955223881	2.0
124	20150427	34660.8358209	20118084.2239	3.08955223881	2.0
99	20150428	34660.8358209	20118084.2239	3.08955223881	2.0
121	20150429	34660.8358209	20118084.2239	3.08955223881	2.0
142	20150430	34660.8358209	20118084.2239	3.08955223881	2.0
129	20150501	34660.8358209	20118084.2239	3.08955223881	2.0
112	20150502	34660.8358209	20118084.2239	3.08955223881	2.0
95	20150503	34660.8358209	20118084.2239	3.08955223881	2.0
162	20150504	34660.8358209	20118084.2239	3.08955223881	2.0
135	20150505	34660.8358209	20118084.2239	3.08955223881	2.0
126	20150506	34660.8358209	20118084.2239	3.08955223881	2.0
114	20150507	34660.8358209	20118084.2239	3.08955223881	2.0
119	20150508	34660.8358209	20118084.2239	3.08955223881	2.0
118	20150509	34660.8358209	20118084.2239	3.08955223881	2.0
110	20150510	34660.8358209	20118084.2239	3.08955223881	2.0
93	20150511	34660.8358209	20118084.2239	3.08955223881	2.0
123	20150512	34660.8358209	20118084.2239	3.08955223881	2.0
160	20150513	34660.8358209	20118084.2239	3.08955223881	2.0
109	20150514	34660.8358209	20118084.2239	3.08955223881	2.0
174	20150515	34660.8358209	20118084.2239	3.08955223881	2.0
111	20150516	34660.8358209	20118084.2239	3.08955223881	2.0
137	20150517	34660.8358209	20118084.2239	3.08955223881	2.0
159	20150518	34660.8358209	20118084.2239	3.08955223881	2.0
145	20150519	34660.8358209	20118084.2239	3.08955223881	2.0
241	20150520	34660.8358209	20118084.2239	3.08955223881	2.0
224	20150521	34660.8358209	20118084.2239	3.08955223881	2.0
152	20150522	34660.8358209	20118084.2239	3.08955223881	2.0
135	20150523	34660.8358209	20118084.2239	3.08955223881	2.0
133	20150524	34660.8358209	20118084.2239	3.08955223881	2.0
127	20150525	34660.8358209	20118084.2239	3.08955223881	2.0
136	20150526	34660.8358209	20118084.2239	3.08955223881	2.0
234	20150527	34660.8358209	20118084.2239	3.08955223881	2.0
106	20150528	34660.8358209	20118084.2239	3.08955223881	2.0
125	20150529	34660.8358209	20118084.2239	3.08955223881	2.0
121	20150530	34660.8358209	20118084.2239	3.08955223881	2.0
106	20150531	34660.8358209	20118084.2239	3.08955223881	2.0
169	20150601	34660.8358209	20118084.2239	3.08955223881	2.0
144	20150602	34660.8358209	20118084.2239	3.08955223881	2.0
120	20150603	34660.8358209	20118084.2239	3.08955223881	2.0
178	20150604	34660.8358209	20118084.2239	3.08955223881	2.0
135	20150605	34660.8358209	20118084.2239	3.08955223881	2.0
102	20150606	34660.8358209	20118084.2239	3.08955223881	2.0
116	20150607	34660.8358209	20118084.2239	3.08955223881	2.0
154	20150608	34660.8358209	20118084.2239	3.08955223881	2.0
121	20150609	34660.8358209	20118084.2239	3.08955223881	2.0
92	20150610	34660.8358209	20118084.2239	3.08955223881	2.0
149	20150611	34660.8358209	20118084.2239	3.08955223881	2.0
146	20150612	34660.8358209	20118084.2239	3.08955223881	2.0
113	20150613	34660.8358209	20118084.2239	3.08955223881	2.0
143	20150614	34660.8358209	20118084.2239	3.08955223881	2.0
179	20150615	34660.8358209	20118084.2239	3.08955223881	2.0
126	20150616	34660.8358209	20118084.2239	3.08955223881	2.0
109	20150617	34660.8358209	20118084.2239	3.08955223881	2.0
141	20150618	34660.8358209	20118084.2239	3.08955223881	2.0
116	20150619	34660.8358209	20118084.2239	3.08955223881	2.0
231	20150620	34660.8358209	20118084.2239	3.08955223881	2.0
79	20150621	34660.8358209	20118084.2239	3.08955223881	2.0
100	20150622	34660.8358209	20118084.2239	3.08955223881	2.0
115	20150623	34660.8358209	20118084.2239	3.08955223881	2.0
90	20150624	34660.8358209	20118084.2239	3.08955223881	2.0
86	20150625	34660.8358209	20118084.2239	3.08955223881	2.0
88	20150626	34660.8358209	20118084.2239	3.08955223881	2.0
72	20150627	34660.8358209	20118084.2239	3.08955223881	2.0
108	20150628	34660.8358209	20118084.2239	3.08955223881	2.0
92	20150629	34660.8358209	20118084.2239	3.08955223881	2.0
124	20150630	34660.8358209	20118084.2239	3.08955223881	2.0
88	20150701	34660.8358209	20118084.2239	3.08955223881	2.0
88	20150702	34660.8358209	20118084.2239	3.08955223881	2.0
86	20150703	34660.8358209	20118084.2239	3.08955223881	2.0
91	20150704	34660.8358209	20118084.2239	3.08955223881	2.0
73	20150705	34660.8358209	20118084.2239	3.08955223881	2.0
154	20150706	34660.8358209	20118084.2239	3.08955223881	2.0
98	20150707	34660.8358209	20118084.2239	3.08955223881	2.0
190	20150708	34660.8358209	20118084.2239	3.08955223881	2.0
123	20150709	34660.8358209	20118084.2239	3.08955223881	2.0
80	20150710	34660.8358209	20118084.2239	3.08955223881	2.0
93	20150711	34660.8358209	20118084.2239	3.08955223881	2.0
198	20150712	34660.8358209	20118084.2239	3.08955223881	2.0
337	20150713	34660.8358209	20118084.2239	3.08955223881	2.0
204	20150714	34660.8358209	20118084.2239	3.08955223881	2.0
177	20150715	34660.8358209	20118084.2239	3.08955223881	2.0
120	20150716	34660.8358209	20118084.2239	3.08955223881	2.0
107	20150717	34660.8358209	20118084.2239	3.08955223881	2.0
124	20150718	34660.8358209	20118084.2239	3.08955223881	2.0
105	20150719	34660.8358209	20118084.2239	3.08955223881	2.0
116	20150720	34660.8358209	20118084.2239	3.08955223881	2.0
87	20150721	34660.8358209	20118084.2239	3.08955223881	2.0
123	20150722	34660.8358209	20118084.2239	3.08955223881	2.0
118	20150723	34660.8358209	20118084.2239	3.08955223881	2.0
123	20150724	34660.8358209	20118084.2239	3.08955223881	2.0
97	20150725	34660.8358209	20118084.2239	3.08955223881	2.0
104	20150726	34660.8358209	20118084.2239	3.08955223881	2.0
83	20150727	34660.8358209	20118084.2239	3.08955223881	2.0
94	20150728	34660.8358209	20118084.2239	3.08955223881	2.0
111	20150729	34660.8358209	20118084.2239	3.08955223881	2.0
94	20150730	34660.8358209	20118084.2239	3.08955223881	2.0
98	20150731	34660.8358209	20118084.2239	3.08955223881	2.0
87	20150801	34660.8358209	20118084.2239	3.08955223881	2.0
105	20150802	34660.8358209	20118084.2239	3.08955223881	2.0
112	20150803	34660.8358209	20118084.2239	3.08955223881	2.0
115	20150804	34660.8358209	20118084.2239	3.08955223881	2.0
102	20150805	34660.8358209	20118084.2239	3.08955223881	2.0
134	20150806	34660.8358209	20118084.2239	3.08955223881	2.0
168	20150807	34660.8358209	20118084.2239	3.08955223881	2.0
134	20150808	34660.8358209	20118084.2239	3.08955223881	2.0
124	20150809	34660.8358209	20118084.2239	3.08955223881	2.0
117	20150810	34660.8358209	20118084.2239	3.08955223881	2.0
117	20150811	34660.8358209	20118084.2239	3.08955223881	2.0
238	20150812	34660.8358209	20118084.2239	3.08955223881	2.0
245	20150813	34660.8358209	20118084.2239	3.08955223881	2.0
259	20150814	34660.8358209	20118084.2239	3.08955223881	2.0
157	20150815	34660.8358209	20118084.2239	3.08955223881	2.0
147	20150816	34660.8358209	20118084.2239	3.08955223881	2.0
239	20150817	34660.8358209	20118084.2239	3.08955223881	2.0
280	20150818	34660.8358209	20118084.2239	3.08955223881	2.0
167	20150819	34660.8358209	20118084.2239	3.08955223881	2.0
181	20150820	34660.8358209	20118084.2239	3.08955223881	2.0
327	20150821	34660.8358209	20118084.2239	3.08955223881	2.0
210	20150822	34660.8358209	20118084.2239	3.08955223881	2.0
237	20150823	34660.8358209	20118084.2239	3.08955223881	2.0
226	20150824	34660.8358209	20118084.2239	3.08955223881	2.0
298	20150825	34660.8358209	20118084.2239	3.08955223881	2.0
218	20150826	34660.8358209	20118084.2239	3.08955223881	2.0
275	20150827	34660.8358209	20118084.2239	3.08955223881	2.0
250	20150828	34660.8358209	20118084.2239	3.08955223881	2.0
234	20150829	34660.8358209	20118084.2239	3.08955223881	2.0
269	20150830	34660.8358209	20118084.2239	3.08955223881	2.0
