353	20150301	51783.4789916	20080483.2773	10.8319327731	2.0
321	20150302	51783.4789916	20080483.2773	10.8319327731	2.0
387	20150303	51783.4789916	20080483.2773	10.8319327731	2.0
410	20150304	51783.4789916	20080483.2773	10.8319327731	2.0
716	20150305	51783.4789916	20080483.2773	10.8319327731	2.0
425	20150306	51783.4789916	20080483.2773	10.8319327731	2.0
440	20150307	51783.4789916	20080483.2773	10.8319327731	2.0
396	20150308	51783.4789916	20080483.2773	10.8319327731	2.0
307	20150309	51783.4789916	20080483.2773	10.8319327731	2.0
338	20150310	51783.4789916	20080483.2773	10.8319327731	2.0
398	20150311	51783.4789916	20080483.2773	10.8319327731	2.0
395	20150312	51783.4789916	20080483.2773	10.8319327731	2.0
477	20150313	51783.4789916	20080483.2773	10.8319327731	2.0
500	20150314	51783.4789916	20080483.2773	10.8319327731	2.0
425	20150315	51783.4789916	20080483.2773	10.8319327731	2.0
461	20150316	51783.4789916	20080483.2773	10.8319327731	2.0
402	20150317	51783.4789916	20080483.2773	10.8319327731	2.0
398	20150318	51783.4789916	20080483.2773	10.8319327731	2.0
528	20150319	51783.4789916	20080483.2773	10.8319327731	2.0
542	20150320	51783.4789916	20080483.2773	10.8319327731	2.0
463	20150321	51783.4789916	20080483.2773	10.8319327731	2.0
476	20150322	51783.4789916	20080483.2773	10.8319327731	2.0
472	20150323	51783.4789916	20080483.2773	10.8319327731	2.0
488	20150324	51783.4789916	20080483.2773	10.8319327731	2.0
377	20150325	51783.4789916	20080483.2773	10.8319327731	2.0
370	20150326	51783.4789916	20080483.2773	10.8319327731	2.0
423	20150327	51783.4789916	20080483.2773	10.8319327731	2.0
397	20150328	51783.4789916	20080483.2773	10.8319327731	2.0
344	20150329	51783.4789916	20080483.2773	10.8319327731	2.0
383	20150330	51783.4789916	20080483.2773	10.8319327731	2.0
384	20150331	51783.4789916	20080483.2773	10.8319327731	2.0
483	20150401	51783.4789916	20080483.2773	10.8319327731	2.0
533	20150402	51783.4789916	20080483.2773	10.8319327731	2.0
573	20150403	51783.4789916	20080483.2773	10.8319327731	2.0
474	20150404	51783.4789916	20080483.2773	10.8319327731	2.0
493	20150405	51783.4789916	20080483.2773	10.8319327731	2.0
509	20150406	51783.4789916	20080483.2773	10.8319327731	2.0
490	20150407	51783.4789916	20080483.2773	10.8319327731	2.0
577	20150408	51783.4789916	20080483.2773	10.8319327731	2.0
484	20150409	51783.4789916	20080483.2773	10.8319327731	2.0
637	20150410	51783.4789916	20080483.2773	10.8319327731	2.0
867	20150411	51783.4789916	20080483.2773	10.8319327731	2.0
836	20150412	51783.4789916	20080483.2773	10.8319327731	2.0
622	20150413	51783.4789916	20080483.2773	10.8319327731	2.0
545	20150414	51783.4789916	20080483.2773	10.8319327731	2.0
650	20150415	51783.4789916	20080483.2773	10.8319327731	2.0
594	20150416	51783.4789916	20080483.2773	10.8319327731	2.0
546	20150417	51783.4789916	20080483.2773	10.8319327731	2.0
482	20150418	51783.4789916	20080483.2773	10.8319327731	2.0
493	20150419	51783.4789916	20080483.2773	10.8319327731	2.0
597	20150420	51783.4789916	20080483.2773	10.8319327731	2.0
643	20150421	51783.4789916	20080483.2773	10.8319327731	2.0
513	20150422	51783.4789916	20080483.2773	10.8319327731	2.0
539	20150423	51783.4789916	20080483.2773	10.8319327731	2.0
613	20150424	51783.4789916	20080483.2773	10.8319327731	2.0
499	20150425	51783.4789916	20080483.2773	10.8319327731	2.0
519	20150426	51783.4789916	20080483.2773	10.8319327731	2.0
501	20150427	51783.4789916	20080483.2773	10.8319327731	2.0
565	20150428	51783.4789916	20080483.2773	10.8319327731	2.0
433	20150429	51783.4789916	20080483.2773	10.8319327731	2.0
499	20150430	51783.4789916	20080483.2773	10.8319327731	2.0
451	20150501	51783.4789916	20080483.2773	10.8319327731	2.0
484	20150502	51783.4789916	20080483.2773	10.8319327731	2.0
593	20150503	51783.4789916	20080483.2773	10.8319327731	2.0
544	20150504	51783.4789916	20080483.2773	10.8319327731	2.0
533	20150505	51783.4789916	20080483.2773	10.8319327731	2.0
560	20150506	51783.4789916	20080483.2773	10.8319327731	2.0
474	20150507	51783.4789916	20080483.2773	10.8319327731	2.0
573	20150508	51783.4789916	20080483.2773	10.8319327731	2.0
530	20150509	51783.4789916	20080483.2773	10.8319327731	2.0
415	20150510	51783.4789916	20080483.2773	10.8319327731	2.0
486	20150511	51783.4789916	20080483.2773	10.8319327731	2.0
659	20150512	51783.4789916	20080483.2773	10.8319327731	2.0
705	20150513	51783.4789916	20080483.2773	10.8319327731	2.0
601	20150514	51783.4789916	20080483.2773	10.8319327731	2.0
549	20150515	51783.4789916	20080483.2773	10.8319327731	2.0
558	20150516	51783.4789916	20080483.2773	10.8319327731	2.0
606	20150517	51783.4789916	20080483.2773	10.8319327731	2.0
414	20150518	51783.4789916	20080483.2773	10.8319327731	2.0
489	20150519	51783.4789916	20080483.2773	10.8319327731	2.0
665	20150520	51783.4789916	20080483.2773	10.8319327731	2.0
476	20150521	51783.4789916	20080483.2773	10.8319327731	2.0
497	20150522	51783.4789916	20080483.2773	10.8319327731	2.0
599	20150523	51783.4789916	20080483.2773	10.8319327731	2.0
604	20150524	51783.4789916	20080483.2773	10.8319327731	2.0
492	20150525	51783.4789916	20080483.2773	10.8319327731	2.0
528	20150526	51783.4789916	20080483.2773	10.8319327731	2.0
469	20150527	51783.4789916	20080483.2773	10.8319327731	2.0
425	20150528	51783.4789916	20080483.2773	10.8319327731	2.0
578	20150529	51783.4789916	20080483.2773	10.8319327731	2.0
464	20150530	51783.4789916	20080483.2773	10.8319327731	2.0
511	20150531	51783.4789916	20080483.2773	10.8319327731	2.0
465	20150601	51783.4789916	20080483.2773	10.8319327731	2.0
464	20150602	51783.4789916	20080483.2773	10.8319327731	2.0
443	20150603	51783.4789916	20080483.2773	10.8319327731	2.0
564	20150604	51783.4789916	20080483.2773	10.8319327731	2.0
481	20150605	51783.4789916	20080483.2773	10.8319327731	2.0
486	20150606	51783.4789916	20080483.2773	10.8319327731	2.0
437	20150607	51783.4789916	20080483.2773	10.8319327731	2.0
644	20150608	51783.4789916	20080483.2773	10.8319327731	2.0
622	20150609	51783.4789916	20080483.2773	10.8319327731	2.0
492	20150610	51783.4789916	20080483.2773	10.8319327731	2.0
551	20150611	51783.4789916	20080483.2773	10.8319327731	2.0
543	20150612	51783.4789916	20080483.2773	10.8319327731	2.0
411	20150613	51783.4789916	20080483.2773	10.8319327731	2.0
578	20150614	51783.4789916	20080483.2773	10.8319327731	2.0
465	20150615	51783.4789916	20080483.2773	10.8319327731	2.0
473	20150616	51783.4789916	20080483.2773	10.8319327731	2.0
549	20150617	51783.4789916	20080483.2773	10.8319327731	2.0
709	20150618	51783.4789916	20080483.2773	10.8319327731	2.0
566	20150619	51783.4789916	20080483.2773	10.8319327731	2.0
439	20150620	51783.4789916	20080483.2773	10.8319327731	2.0
499	20150621	51783.4789916	20080483.2773	10.8319327731	2.0
855	20150622	51783.4789916	20080483.2773	10.8319327731	2.0
786	20150623	51783.4789916	20080483.2773	10.8319327731	2.0
613	20150624	51783.4789916	20080483.2773	10.8319327731	2.0
632	20150625	51783.4789916	20080483.2773	10.8319327731	2.0
621	20150626	51783.4789916	20080483.2773	10.8319327731	2.0
565	20150627	51783.4789916	20080483.2773	10.8319327731	2.0
672	20150628	51783.4789916	20080483.2773	10.8319327731	2.0
661	20150629	51783.4789916	20080483.2773	10.8319327731	2.0
703	20150630	51783.4789916	20080483.2773	10.8319327731	2.0
630	20150701	51783.4789916	20080483.2773	10.8319327731	2.0
670	20150702	51783.4789916	20080483.2773	10.8319327731	2.0
590	20150703	51783.4789916	20080483.2773	10.8319327731	2.0
673	20150704	51783.4789916	20080483.2773	10.8319327731	2.0
554	20150705	51783.4789916	20080483.2773	10.8319327731	2.0
684	20150706	51783.4789916	20080483.2773	10.8319327731	2.0
776	20150707	51783.4789916	20080483.2773	10.8319327731	2.0
681	20150708	51783.4789916	20080483.2773	10.8319327731	2.0
763	20150709	51783.4789916	20080483.2773	10.8319327731	2.0
984	20150710	51783.4789916	20080483.2773	10.8319327731	2.0
1013	20150711	51783.4789916	20080483.2773	10.8319327731	2.0
914	20150712	51783.4789916	20080483.2773	10.8319327731	2.0
1060	20150713	51783.4789916	20080483.2773	10.8319327731	2.0
1098	20150714	51783.4789916	20080483.2773	10.8319327731	2.0
914	20150715	51783.4789916	20080483.2773	10.8319327731	2.0
852	20150716	51783.4789916	20080483.2773	10.8319327731	2.0
928	20150717	51783.4789916	20080483.2773	10.8319327731	2.0
849	20150718	51783.4789916	20080483.2773	10.8319327731	2.0
786	20150719	51783.4789916	20080483.2773	10.8319327731	2.0
940	20150720	51783.4789916	20080483.2773	10.8319327731	2.0
732	20150721	51783.4789916	20080483.2773	10.8319327731	2.0
712	20150722	51783.4789916	20080483.2773	10.8319327731	2.0
775	20150723	51783.4789916	20080483.2773	10.8319327731	2.0
784	20150724	51783.4789916	20080483.2773	10.8319327731	2.0
676	20150725	51783.4789916	20080483.2773	10.8319327731	2.0
769	20150726	51783.4789916	20080483.2773	10.8319327731	2.0
711	20150727	51783.4789916	20080483.2773	10.8319327731	2.0
699	20150728	51783.4789916	20080483.2773	10.8319327731	2.0
700	20150729	51783.4789916	20080483.2773	10.8319327731	2.0
708	20150730	51783.4789916	20080483.2773	10.8319327731	2.0
787	20150731	51783.4789916	20080483.2773	10.8319327731	2.0
603	20150801	51783.4789916	20080483.2773	10.8319327731	2.0
585	20150802	51783.4789916	20080483.2773	10.8319327731	2.0
666	20150803	51783.4789916	20080483.2773	10.8319327731	2.0
701	20150804	51783.4789916	20080483.2773	10.8319327731	2.0
683	20150805	51783.4789916	20080483.2773	10.8319327731	2.0
694	20150806	51783.4789916	20080483.2773	10.8319327731	2.0
550	20150807	51783.4789916	20080483.2773	10.8319327731	2.0
547	20150808	51783.4789916	20080483.2773	10.8319327731	2.0
571	20150809	51783.4789916	20080483.2773	10.8319327731	2.0
634	20150810	51783.4789916	20080483.2773	10.8319327731	2.0
615	20150811	51783.4789916	20080483.2773	10.8319327731	2.0
626	20150812	51783.4789916	20080483.2773	10.8319327731	2.0
634	20150813	51783.4789916	20080483.2773	10.8319327731	2.0
653	20150814	51783.4789916	20080483.2773	10.8319327731	2.0
671	20150815	51783.4789916	20080483.2773	10.8319327731	2.0
529	20150816	51783.4789916	20080483.2773	10.8319327731	2.0
645	20150817	51783.4789916	20080483.2773	10.8319327731	2.0
621	20150818	51783.4789916	20080483.2773	10.8319327731	2.0
666	20150819	51783.4789916	20080483.2773	10.8319327731	2.0
892	20150820	51783.4789916	20080483.2773	10.8319327731	2.0
721	20150821	51783.4789916	20080483.2773	10.8319327731	2.0
527	20150822	51783.4789916	20080483.2773	10.8319327731	2.0
556	20150823	51783.4789916	20080483.2773	10.8319327731	2.0
642	20150824	51783.4789916	20080483.2773	10.8319327731	2.0
619	20150825	51783.4789916	20080483.2773	10.8319327731	2.0
673	20150826	51783.4789916	20080483.2773	10.8319327731	2.0
669	20150827	51783.4789916	20080483.2773	10.8319327731	2.0
661	20150828	51783.4789916	20080483.2773	10.8319327731	2.0
601	20150829	51783.4789916	20080483.2773	10.8319327731	2.0
690	20150830	51783.4789916	20080483.2773	10.8319327731	2.0
