122	20150301	83515.5833333	20141786.4167	3.0	3.0
113	20150302	83515.5833333	20141786.4167	3.0	3.0
115	20150303	83515.5833333	20141786.4167	3.0	3.0
147	20150304	83515.5833333	20141786.4167	3.0	3.0
102	20150305	83515.5833333	20141786.4167	3.0	3.0
121	20150306	83515.5833333	20141786.4167	3.0	3.0
155	20150307	83515.5833333	20141786.4167	3.0	3.0
114	20150308	83515.5833333	20141786.4167	3.0	3.0
111	20150309	83515.5833333	20141786.4167	3.0	3.0
67	20150310	83515.5833333	20141786.4167	3.0	3.0
137	20150311	83515.5833333	20141786.4167	3.0	3.0
141	20150312	83515.5833333	20141786.4167	3.0	3.0
120	20150313	83515.5833333	20141786.4167	3.0	3.0
93	20150314	83515.5833333	20141786.4167	3.0	3.0
119	20150315	83515.5833333	20141786.4167	3.0	3.0
124	20150316	83515.5833333	20141786.4167	3.0	3.0
101	20150317	83515.5833333	20141786.4167	3.0	3.0
96	20150318	83515.5833333	20141786.4167	3.0	3.0
71	20150319	83515.5833333	20141786.4167	3.0	3.0
88	20150320	83515.5833333	20141786.4167	3.0	3.0
117	20150321	83515.5833333	20141786.4167	3.0	3.0
114	20150322	83515.5833333	20141786.4167	3.0	3.0
76	20150323	83515.5833333	20141786.4167	3.0	3.0
83	20150324	83515.5833333	20141786.4167	3.0	3.0
78	20150325	83515.5833333	20141786.4167	3.0	3.0
86	20150326	83515.5833333	20141786.4167	3.0	3.0
87	20150327	83515.5833333	20141786.4167	3.0	3.0
87	20150328	83515.5833333	20141786.4167	3.0	3.0
82	20150329	83515.5833333	20141786.4167	3.0	3.0
85	20150330	83515.5833333	20141786.4167	3.0	3.0
77	20150331	83515.5833333	20141786.4167	3.0	3.0
95	20150401	83515.5833333	20141786.4167	3.0	3.0
191	20150402	83515.5833333	20141786.4167	3.0	3.0
69	20150403	83515.5833333	20141786.4167	3.0	3.0
89	20150404	83515.5833333	20141786.4167	3.0	3.0
53	20150405	83515.5833333	20141786.4167	3.0	3.0
70	20150406	83515.5833333	20141786.4167	3.0	3.0
65	20150407	83515.5833333	20141786.4167	3.0	3.0
67	20150408	83515.5833333	20141786.4167	3.0	3.0
89	20150409	83515.5833333	20141786.4167	3.0	3.0
80	20150410	83515.5833333	20141786.4167	3.0	3.0
88	20150411	83515.5833333	20141786.4167	3.0	3.0
66	20150412	83515.5833333	20141786.4167	3.0	3.0
71	20150413	83515.5833333	20141786.4167	3.0	3.0
74	20150414	83515.5833333	20141786.4167	3.0	3.0
68	20150415	83515.5833333	20141786.4167	3.0	3.0
89	20150416	83515.5833333	20141786.4167	3.0	3.0
63	20150417	83515.5833333	20141786.4167	3.0	3.0
87	20150418	83515.5833333	20141786.4167	3.0	3.0
77	20150419	83515.5833333	20141786.4167	3.0	3.0
143	20150420	83515.5833333	20141786.4167	3.0	3.0
94	20150421	83515.5833333	20141786.4167	3.0	3.0
73	20150422	83515.5833333	20141786.4167	3.0	3.0
82	20150423	83515.5833333	20141786.4167	3.0	3.0
90	20150424	83515.5833333	20141786.4167	3.0	3.0
104	20150425	83515.5833333	20141786.4167	3.0	3.0
86	20150426	83515.5833333	20141786.4167	3.0	3.0
69	20150427	83515.5833333	20141786.4167	3.0	3.0
85	20150428	83515.5833333	20141786.4167	3.0	3.0
102	20150429	83515.5833333	20141786.4167	3.0	3.0
109	20150430	83515.5833333	20141786.4167	3.0	3.0
85	20150501	83515.5833333	20141786.4167	3.0	3.0
67	20150502	83515.5833333	20141786.4167	3.0	3.0
65	20150503	83515.5833333	20141786.4167	3.0	3.0
68	20150504	83515.5833333	20141786.4167	3.0	3.0
80	20150505	83515.5833333	20141786.4167	3.0	3.0
74	20150506	83515.5833333	20141786.4167	3.0	3.0
93	20150507	83515.5833333	20141786.4167	3.0	3.0
55	20150508	83515.5833333	20141786.4167	3.0	3.0
76	20150509	83515.5833333	20141786.4167	3.0	3.0
102	20150510	83515.5833333	20141786.4167	3.0	3.0
48	20150511	83515.5833333	20141786.4167	3.0	3.0
80	20150512	83515.5833333	20141786.4167	3.0	3.0
77	20150513	83515.5833333	20141786.4167	3.0	3.0
80	20150514	83515.5833333	20141786.4167	3.0	3.0
65	20150515	83515.5833333	20141786.4167	3.0	3.0
59	20150516	83515.5833333	20141786.4167	3.0	3.0
47	20150517	83515.5833333	20141786.4167	3.0	3.0
40	20150518	83515.5833333	20141786.4167	3.0	3.0
59	20150519	83515.5833333	20141786.4167	3.0	3.0
52	20150520	83515.5833333	20141786.4167	3.0	3.0
54	20150521	83515.5833333	20141786.4167	3.0	3.0
53	20150522	83515.5833333	20141786.4167	3.0	3.0
55	20150523	83515.5833333	20141786.4167	3.0	3.0
59	20150524	83515.5833333	20141786.4167	3.0	3.0
59	20150525	83515.5833333	20141786.4167	3.0	3.0
60	20150526	83515.5833333	20141786.4167	3.0	3.0
42	20150527	83515.5833333	20141786.4167	3.0	3.0
45	20150528	83515.5833333	20141786.4167	3.0	3.0
65	20150529	83515.5833333	20141786.4167	3.0	3.0
45	20150530	83515.5833333	20141786.4167	3.0	3.0
53	20150531	83515.5833333	20141786.4167	3.0	3.0
47	20150601	83515.5833333	20141786.4167	3.0	3.0
34	20150602	83515.5833333	20141786.4167	3.0	3.0
51	20150603	83515.5833333	20141786.4167	3.0	3.0
54	20150604	83515.5833333	20141786.4167	3.0	3.0
42	20150605	83515.5833333	20141786.4167	3.0	3.0
32	20150606	83515.5833333	20141786.4167	3.0	3.0
44	20150607	83515.5833333	20141786.4167	3.0	3.0
48	20150608	83515.5833333	20141786.4167	3.0	3.0
47	20150609	83515.5833333	20141786.4167	3.0	3.0
68	20150610	83515.5833333	20141786.4167	3.0	3.0
50	20150611	83515.5833333	20141786.4167	3.0	3.0
37	20150612	83515.5833333	20141786.4167	3.0	3.0
41	20150613	83515.5833333	20141786.4167	3.0	3.0
44	20150614	83515.5833333	20141786.4167	3.0	3.0
49	20150615	83515.5833333	20141786.4167	3.0	3.0
50	20150616	83515.5833333	20141786.4167	3.0	3.0
28	20150617	83515.5833333	20141786.4167	3.0	3.0
42	20150618	83515.5833333	20141786.4167	3.0	3.0
47	20150619	83515.5833333	20141786.4167	3.0	3.0
35	20150620	83515.5833333	20141786.4167	3.0	3.0
26	20150621	83515.5833333	20141786.4167	3.0	3.0
34	20150622	83515.5833333	20141786.4167	3.0	3.0
42	20150623	83515.5833333	20141786.4167	3.0	3.0
41	20150624	83515.5833333	20141786.4167	3.0	3.0
57	20150625	83515.5833333	20141786.4167	3.0	3.0
29	20150626	83515.5833333	20141786.4167	3.0	3.0
34	20150627	83515.5833333	20141786.4167	3.0	3.0
40	20150628	83515.5833333	20141786.4167	3.0	3.0
24	20150629	83515.5833333	20141786.4167	3.0	3.0
44	20150630	83515.5833333	20141786.4167	3.0	3.0
30	20150701	83515.5833333	20141786.4167	3.0	3.0
47	20150702	83515.5833333	20141786.4167	3.0	3.0
48	20150703	83515.5833333	20141786.4167	3.0	3.0
38	20150704	83515.5833333	20141786.4167	3.0	3.0
42	20150705	83515.5833333	20141786.4167	3.0	3.0
48	20150706	83515.5833333	20141786.4167	3.0	3.0
44	20150707	83515.5833333	20141786.4167	3.0	3.0
51	20150708	83515.5833333	20141786.4167	3.0	3.0
55	20150709	83515.5833333	20141786.4167	3.0	3.0
51	20150710	83515.5833333	20141786.4167	3.0	3.0
47	20150711	83515.5833333	20141786.4167	3.0	3.0
23	20150712	83515.5833333	20141786.4167	3.0	3.0
35	20150713	83515.5833333	20141786.4167	3.0	3.0
49	20150714	83515.5833333	20141786.4167	3.0	3.0
29	20150715	83515.5833333	20141786.4167	3.0	3.0
40	20150716	83515.5833333	20141786.4167	3.0	3.0
58	20150717	83515.5833333	20141786.4167	3.0	3.0
28	20150718	83515.5833333	20141786.4167	3.0	3.0
51	20150719	83515.5833333	20141786.4167	3.0	3.0
47	20150720	83515.5833333	20141786.4167	3.0	3.0
29	20150721	83515.5833333	20141786.4167	3.0	3.0
37	20150722	83515.5833333	20141786.4167	3.0	3.0
46	20150723	83515.5833333	20141786.4167	3.0	3.0
45	20150724	83515.5833333	20141786.4167	3.0	3.0
36	20150725	83515.5833333	20141786.4167	3.0	3.0
33	20150726	83515.5833333	20141786.4167	3.0	3.0
49	20150727	83515.5833333	20141786.4167	3.0	3.0
46	20150728	83515.5833333	20141786.4167	3.0	3.0
34	20150729	83515.5833333	20141786.4167	3.0	3.0
37	20150730	83515.5833333	20141786.4167	3.0	3.0
39	20150731	83515.5833333	20141786.4167	3.0	3.0
37	20150801	83515.5833333	20141786.4167	3.0	3.0
27	20150802	83515.5833333	20141786.4167	3.0	3.0
30	20150803	83515.5833333	20141786.4167	3.0	3.0
43	20150804	83515.5833333	20141786.4167	3.0	3.0
46	20150805	83515.5833333	20141786.4167	3.0	3.0
29	20150806	83515.5833333	20141786.4167	3.0	3.0
41	20150807	83515.5833333	20141786.4167	3.0	3.0
66	20150808	83515.5833333	20141786.4167	3.0	3.0
41	20150809	83515.5833333	20141786.4167	3.0	3.0
49	20150810	83515.5833333	20141786.4167	3.0	3.0
37	20150811	83515.5833333	20141786.4167	3.0	3.0
53	20150812	83515.5833333	20141786.4167	3.0	3.0
40	20150813	83515.5833333	20141786.4167	3.0	3.0
42	20150814	83515.5833333	20141786.4167	3.0	3.0
45	20150815	83515.5833333	20141786.4167	3.0	3.0
55	20150816	83515.5833333	20141786.4167	3.0	3.0
44	20150817	83515.5833333	20141786.4167	3.0	3.0
48	20150818	83515.5833333	20141786.4167	3.0	3.0
33	20150819	83515.5833333	20141786.4167	3.0	3.0
34	20150820	83515.5833333	20141786.4167	3.0	3.0
31	20150821	83515.5833333	20141786.4167	3.0	3.0
38	20150822	83515.5833333	20141786.4167	3.0	3.0
63	20150823	83515.5833333	20141786.4167	3.0	3.0
47	20150824	83515.5833333	20141786.4167	3.0	3.0
57	20150825	83515.5833333	20141786.4167	3.0	3.0
63	20150826	83515.5833333	20141786.4167	3.0	3.0
45	20150827	83515.5833333	20141786.4167	3.0	3.0
26	20150828	83515.5833333	20141786.4167	3.0	3.0
44	20150829	83515.5833333	20141786.4167	3.0	3.0
47	20150830	83515.5833333	20141786.4167	3.0	3.0
