264	20150301	12323.5750799	19996953.1118	100.0	2.0
282	20150302	12323.5750799	19996953.1118	100.0	2.0
196	20150303	12323.5750799	19996953.1118	100.0	2.0
223	20150304	12323.5750799	19996953.1118	100.0	2.0
305	20150305	12323.5750799	19996953.1118	100.0	2.0
142	20150306	12323.5750799	19996953.1118	100.0	2.0
128	20150307	12323.5750799	19996953.1118	100.0	2.0
152	20150308	12323.5750799	19996953.1118	100.0	2.0
182	20150309	12323.5750799	19996953.1118	100.0	2.0
171	20150310	12323.5750799	19996953.1118	100.0	2.0
166	20150311	12323.5750799	19996953.1118	100.0	2.0
116	20150312	12323.5750799	19996953.1118	100.0	2.0
158	20150313	12323.5750799	19996953.1118	100.0	2.0
136	20150314	12323.5750799	19996953.1118	100.0	2.0
147	20150315	12323.5750799	19996953.1118	100.0	2.0
171	20150316	12323.5750799	19996953.1118	100.0	2.0
145	20150317	12323.5750799	19996953.1118	100.0	2.0
118	20150318	12323.5750799	19996953.1118	100.0	2.0
156	20150319	12323.5750799	19996953.1118	100.0	2.0
161	20150320	12323.5750799	19996953.1118	100.0	2.0
187	20150321	12323.5750799	19996953.1118	100.0	2.0
190	20150322	12323.5750799	19996953.1118	100.0	2.0
232	20150323	12323.5750799	19996953.1118	100.0	2.0
159	20150324	12323.5750799	19996953.1118	100.0	2.0
133	20150325	12323.5750799	19996953.1118	100.0	2.0
151	20150326	12323.5750799	19996953.1118	100.0	2.0
195	20150327	12323.5750799	19996953.1118	100.0	2.0
153	20150328	12323.5750799	19996953.1118	100.0	2.0
152	20150329	12323.5750799	19996953.1118	100.0	2.0
240	20150330	12323.5750799	19996953.1118	100.0	2.0
256	20150331	12323.5750799	19996953.1118	100.0	2.0
356	20150401	12323.5750799	19996953.1118	100.0	2.0
190	20150402	12323.5750799	19996953.1118	100.0	2.0
242	20150403	12323.5750799	19996953.1118	100.0	2.0
302	20150404	12323.5750799	19996953.1118	100.0	2.0
328	20150405	12323.5750799	19996953.1118	100.0	2.0
378	20150406	12323.5750799	19996953.1118	100.0	2.0
258	20150407	12323.5750799	19996953.1118	100.0	2.0
335	20150408	12323.5750799	19996953.1118	100.0	2.0
283	20150409	12323.5750799	19996953.1118	100.0	2.0
325	20150410	12323.5750799	19996953.1118	100.0	2.0
293	20150411	12323.5750799	19996953.1118	100.0	2.0
275	20150412	12323.5750799	19996953.1118	100.0	2.0
377	20150413	12323.5750799	19996953.1118	100.0	2.0
385	20150414	12323.5750799	19996953.1118	100.0	2.0
381	20150415	12323.5750799	19996953.1118	100.0	2.0
250	20150416	12323.5750799	19996953.1118	100.0	2.0
335	20150417	12323.5750799	19996953.1118	100.0	2.0
358	20150418	12323.5750799	19996953.1118	100.0	2.0
364	20150419	12323.5750799	19996953.1118	100.0	2.0
347	20150420	12323.5750799	19996953.1118	100.0	2.0
335	20150421	12323.5750799	19996953.1118	100.0	2.0
315	20150422	12323.5750799	19996953.1118	100.0	2.0
284	20150423	12323.5750799	19996953.1118	100.0	2.0
270	20150424	12323.5750799	19996953.1118	100.0	2.0
413	20150425	12323.5750799	19996953.1118	100.0	2.0
366	20150426	12323.5750799	19996953.1118	100.0	2.0
418	20150427	12323.5750799	19996953.1118	100.0	2.0
399	20150428	12323.5750799	19996953.1118	100.0	2.0
301	20150429	12323.5750799	19996953.1118	100.0	2.0
232	20150430	12323.5750799	19996953.1118	100.0	2.0
305	20150501	12323.5750799	19996953.1118	100.0	2.0
276	20150502	12323.5750799	19996953.1118	100.0	2.0
262	20150503	12323.5750799	19996953.1118	100.0	2.0
347	20150504	12323.5750799	19996953.1118	100.0	2.0
310	20150505	12323.5750799	19996953.1118	100.0	2.0
292	20150506	12323.5750799	19996953.1118	100.0	2.0
319	20150507	12323.5750799	19996953.1118	100.0	2.0
306	20150508	12323.5750799	19996953.1118	100.0	2.0
580	20150509	12323.5750799	19996953.1118	100.0	2.0
343	20150510	12323.5750799	19996953.1118	100.0	2.0
334	20150511	12323.5750799	19996953.1118	100.0	2.0
442	20150512	12323.5750799	19996953.1118	100.0	2.0
324	20150513	12323.5750799	19996953.1118	100.0	2.0
322	20150514	12323.5750799	19996953.1118	100.0	2.0
278	20150515	12323.5750799	19996953.1118	100.0	2.0
358	20150516	12323.5750799	19996953.1118	100.0	2.0
354	20150517	12323.5750799	19996953.1118	100.0	2.0
308	20150518	12323.5750799	19996953.1118	100.0	2.0
348	20150519	12323.5750799	19996953.1118	100.0	2.0
315	20150520	12323.5750799	19996953.1118	100.0	2.0
256	20150521	12323.5750799	19996953.1118	100.0	2.0
261	20150522	12323.5750799	19996953.1118	100.0	2.0
317	20150523	12323.5750799	19996953.1118	100.0	2.0
491	20150524	12323.5750799	19996953.1118	100.0	2.0
328	20150525	12323.5750799	19996953.1118	100.0	2.0
357	20150526	12323.5750799	19996953.1118	100.0	2.0
367	20150527	12323.5750799	19996953.1118	100.0	2.0
300	20150528	12323.5750799	19996953.1118	100.0	2.0
258	20150529	12323.5750799	19996953.1118	100.0	2.0
405	20150530	12323.5750799	19996953.1118	100.0	2.0
301	20150531	12323.5750799	19996953.1118	100.0	2.0
372	20150601	12323.5750799	19996953.1118	100.0	2.0
366	20150602	12323.5750799	19996953.1118	100.0	2.0
378	20150603	12323.5750799	19996953.1118	100.0	2.0
249	20150604	12323.5750799	19996953.1118	100.0	2.0
281	20150605	12323.5750799	19996953.1118	100.0	2.0
421	20150606	12323.5750799	19996953.1118	100.0	2.0
313	20150607	12323.5750799	19996953.1118	100.0	2.0
521	20150608	12323.5750799	19996953.1118	100.0	2.0
436	20150609	12323.5750799	19996953.1118	100.0	2.0
302	20150610	12323.5750799	19996953.1118	100.0	2.0
283	20150611	12323.5750799	19996953.1118	100.0	2.0
338	20150612	12323.5750799	19996953.1118	100.0	2.0
308	20150613	12323.5750799	19996953.1118	100.0	2.0
302	20150614	12323.5750799	19996953.1118	100.0	2.0
420	20150615	12323.5750799	19996953.1118	100.0	2.0
357	20150616	12323.5750799	19996953.1118	100.0	2.0
308	20150617	12323.5750799	19996953.1118	100.0	2.0
317	20150618	12323.5750799	19996953.1118	100.0	2.0
273	20150619	12323.5750799	19996953.1118	100.0	2.0
303	20150620	12323.5750799	19996953.1118	100.0	2.0
420	20150621	12323.5750799	19996953.1118	100.0	2.0
396	20150622	12323.5750799	19996953.1118	100.0	2.0
355	20150623	12323.5750799	19996953.1118	100.0	2.0
363	20150624	12323.5750799	19996953.1118	100.0	2.0
264	20150625	12323.5750799	19996953.1118	100.0	2.0
264	20150626	12323.5750799	19996953.1118	100.0	2.0
320	20150627	12323.5750799	19996953.1118	100.0	2.0
322	20150628	12323.5750799	19996953.1118	100.0	2.0
387	20150629	12323.5750799	19996953.1118	100.0	2.0
349	20150630	12323.5750799	19996953.1118	100.0	2.0
326	20150701	12323.5750799	19996953.1118	100.0	2.0
294	20150702	12323.5750799	19996953.1118	100.0	2.0
328	20150703	12323.5750799	19996953.1118	100.0	2.0
310	20150704	12323.5750799	19996953.1118	100.0	2.0
335	20150705	12323.5750799	19996953.1118	100.0	2.0
345	20150706	12323.5750799	19996953.1118	100.0	2.0
376	20150707	12323.5750799	19996953.1118	100.0	2.0
394	20150708	12323.5750799	19996953.1118	100.0	2.0
279	20150709	12323.5750799	19996953.1118	100.0	2.0
317	20150710	12323.5750799	19996953.1118	100.0	2.0
440	20150711	12323.5750799	19996953.1118	100.0	2.0
360	20150712	12323.5750799	19996953.1118	100.0	2.0
454	20150713	12323.5750799	19996953.1118	100.0	2.0
464	20150714	12323.5750799	19996953.1118	100.0	2.0
320	20150715	12323.5750799	19996953.1118	100.0	2.0
382	20150716	12323.5750799	19996953.1118	100.0	2.0
286	20150717	12323.5750799	19996953.1118	100.0	2.0
349	20150718	12323.5750799	19996953.1118	100.0	2.0
401	20150719	12323.5750799	19996953.1118	100.0	2.0
390	20150720	12323.5750799	19996953.1118	100.0	2.0
445	20150721	12323.5750799	19996953.1118	100.0	2.0
337	20150722	12323.5750799	19996953.1118	100.0	2.0
270	20150723	12323.5750799	19996953.1118	100.0	2.0
285	20150724	12323.5750799	19996953.1118	100.0	2.0
398	20150725	12323.5750799	19996953.1118	100.0	2.0
318	20150726	12323.5750799	19996953.1118	100.0	2.0
324	20150727	12323.5750799	19996953.1118	100.0	2.0
298	20150728	12323.5750799	19996953.1118	100.0	2.0
294	20150729	12323.5750799	19996953.1118	100.0	2.0
345	20150730	12323.5750799	19996953.1118	100.0	2.0
275	20150731	12323.5750799	19996953.1118	100.0	2.0
280	20150801	12323.5750799	19996953.1118	100.0	2.0
273	20150802	12323.5750799	19996953.1118	100.0	2.0
320	20150803	12323.5750799	19996953.1118	100.0	2.0
501	20150804	12323.5750799	19996953.1118	100.0	2.0
302	20150805	12323.5750799	19996953.1118	100.0	2.0
229	20150806	12323.5750799	19996953.1118	100.0	2.0
216	20150807	12323.5750799	19996953.1118	100.0	2.0
295	20150808	12323.5750799	19996953.1118	100.0	2.0
246	20150809	12323.5750799	19996953.1118	100.0	2.0
378	20150810	12323.5750799	19996953.1118	100.0	2.0
351	20150811	12323.5750799	19996953.1118	100.0	2.0
284	20150812	12323.5750799	19996953.1118	100.0	2.0
205	20150813	12323.5750799	19996953.1118	100.0	2.0
246	20150814	12323.5750799	19996953.1118	100.0	2.0
350	20150815	12323.5750799	19996953.1118	100.0	2.0
385	20150816	12323.5750799	19996953.1118	100.0	2.0
475	20150817	12323.5750799	19996953.1118	100.0	2.0
498	20150818	12323.5750799	19996953.1118	100.0	2.0
309	20150819	12323.5750799	19996953.1118	100.0	2.0
304	20150820	12323.5750799	19996953.1118	100.0	2.0
351	20150821	12323.5750799	19996953.1118	100.0	2.0
254	20150822	12323.5750799	19996953.1118	100.0	2.0
326	20150823	12323.5750799	19996953.1118	100.0	2.0
342	20150824	12323.5750799	19996953.1118	100.0	2.0
352	20150825	12323.5750799	19996953.1118	100.0	2.0
318	20150826	12323.5750799	19996953.1118	100.0	2.0
303	20150827	12323.5750799	19996953.1118	100.0	2.0
225	20150828	12323.5750799	19996953.1118	100.0	2.0
246	20150829	12323.5750799	19996953.1118	100.0	2.0
192	20150830	12323.5750799	19996953.1118	100.0	2.0
