396	20150301	7747.02962963	19954100.8267	8.12592592593	2.0
458	20150302	7747.02962963	19954100.8267	8.12592592593	2.0
431	20150303	7747.02962963	19954100.8267	8.12592592593	2.0
487	20150304	7747.02962963	19954100.8267	8.12592592593	2.0
513	20150305	7747.02962963	19954100.8267	8.12592592593	2.0
500	20150306	7747.02962963	19954100.8267	8.12592592593	2.0
421	20150307	7747.02962963	19954100.8267	8.12592592593	2.0
465	20150308	7747.02962963	19954100.8267	8.12592592593	2.0
482	20150309	7747.02962963	19954100.8267	8.12592592593	2.0
506	20150310	7747.02962963	19954100.8267	8.12592592593	2.0
572	20150311	7747.02962963	19954100.8267	8.12592592593	2.0
623	20150312	7747.02962963	19954100.8267	8.12592592593	2.0
529	20150313	7747.02962963	19954100.8267	8.12592592593	2.0
477	20150314	7747.02962963	19954100.8267	8.12592592593	2.0
507	20150315	7747.02962963	19954100.8267	8.12592592593	2.0
453	20150316	7747.02962963	19954100.8267	8.12592592593	2.0
539	20150317	7747.02962963	19954100.8267	8.12592592593	2.0
488	20150318	7747.02962963	19954100.8267	8.12592592593	2.0
500	20150319	7747.02962963	19954100.8267	8.12592592593	2.0
553	20150320	7747.02962963	19954100.8267	8.12592592593	2.0
469	20150321	7747.02962963	19954100.8267	8.12592592593	2.0
537	20150322	7747.02962963	19954100.8267	8.12592592593	2.0
492	20150323	7747.02962963	19954100.8267	8.12592592593	2.0
491	20150324	7747.02962963	19954100.8267	8.12592592593	2.0
529	20150325	7747.02962963	19954100.8267	8.12592592593	2.0
507	20150326	7747.02962963	19954100.8267	8.12592592593	2.0
554	20150327	7747.02962963	19954100.8267	8.12592592593	2.0
557	20150328	7747.02962963	19954100.8267	8.12592592593	2.0
520	20150329	7747.02962963	19954100.8267	8.12592592593	2.0
619	20150330	7747.02962963	19954100.8267	8.12592592593	2.0
517	20150331	7747.02962963	19954100.8267	8.12592592593	2.0
572	20150401	7747.02962963	19954100.8267	8.12592592593	2.0
505	20150402	7747.02962963	19954100.8267	8.12592592593	2.0
517	20150403	7747.02962963	19954100.8267	8.12592592593	2.0
480	20150404	7747.02962963	19954100.8267	8.12592592593	2.0
444	20150405	7747.02962963	19954100.8267	8.12592592593	2.0
387	20150406	7747.02962963	19954100.8267	8.12592592593	2.0
463	20150407	7747.02962963	19954100.8267	8.12592592593	2.0
533	20150408	7747.02962963	19954100.8267	8.12592592593	2.0
533	20150409	7747.02962963	19954100.8267	8.12592592593	2.0
614	20150410	7747.02962963	19954100.8267	8.12592592593	2.0
527	20150411	7747.02962963	19954100.8267	8.12592592593	2.0
490	20150412	7747.02962963	19954100.8267	8.12592592593	2.0
473	20150413	7747.02962963	19954100.8267	8.12592592593	2.0
481	20150414	7747.02962963	19954100.8267	8.12592592593	2.0
553	20150415	7747.02962963	19954100.8267	8.12592592593	2.0
541	20150416	7747.02962963	19954100.8267	8.12592592593	2.0
581	20150417	7747.02962963	19954100.8267	8.12592592593	2.0
489	20150418	7747.02962963	19954100.8267	8.12592592593	2.0
493	20150419	7747.02962963	19954100.8267	8.12592592593	2.0
484	20150420	7747.02962963	19954100.8267	8.12592592593	2.0
604	20150421	7747.02962963	19954100.8267	8.12592592593	2.0
577	20150422	7747.02962963	19954100.8267	8.12592592593	2.0
500	20150423	7747.02962963	19954100.8267	8.12592592593	2.0
683	20150424	7747.02962963	19954100.8267	8.12592592593	2.0
477	20150425	7747.02962963	19954100.8267	8.12592592593	2.0
483	20150426	7747.02962963	19954100.8267	8.12592592593	2.0
519	20150427	7747.02962963	19954100.8267	8.12592592593	2.0
580	20150428	7747.02962963	19954100.8267	8.12592592593	2.0
683	20150429	7747.02962963	19954100.8267	8.12592592593	2.0
509	20150430	7747.02962963	19954100.8267	8.12592592593	2.0
507	20150501	7747.02962963	19954100.8267	8.12592592593	2.0
566	20150502	7747.02962963	19954100.8267	8.12592592593	2.0
575	20150503	7747.02962963	19954100.8267	8.12592592593	2.0
504	20150504	7747.02962963	19954100.8267	8.12592592593	2.0
665	20150505	7747.02962963	19954100.8267	8.12592592593	2.0
504	20150506	7747.02962963	19954100.8267	8.12592592593	2.0
534	20150507	7747.02962963	19954100.8267	8.12592592593	2.0
521	20150508	7747.02962963	19954100.8267	8.12592592593	2.0
493	20150509	7747.02962963	19954100.8267	8.12592592593	2.0
530	20150510	7747.02962963	19954100.8267	8.12592592593	2.0
502	20150511	7747.02962963	19954100.8267	8.12592592593	2.0
657	20150512	7747.02962963	19954100.8267	8.12592592593	2.0
628	20150513	7747.02962963	19954100.8267	8.12592592593	2.0
689	20150514	7747.02962963	19954100.8267	8.12592592593	2.0
555	20150515	7747.02962963	19954100.8267	8.12592592593	2.0
504	20150516	7747.02962963	19954100.8267	8.12592592593	2.0
546	20150517	7747.02962963	19954100.8267	8.12592592593	2.0
651	20150518	7747.02962963	19954100.8267	8.12592592593	2.0
570	20150519	7747.02962963	19954100.8267	8.12592592593	2.0
550	20150520	7747.02962963	19954100.8267	8.12592592593	2.0
558	20150521	7747.02962963	19954100.8267	8.12592592593	2.0
678	20150522	7747.02962963	19954100.8267	8.12592592593	2.0
652	20150523	7747.02962963	19954100.8267	8.12592592593	2.0
701	20150524	7747.02962963	19954100.8267	8.12592592593	2.0
602	20150525	7747.02962963	19954100.8267	8.12592592593	2.0
690	20150526	7747.02962963	19954100.8267	8.12592592593	2.0
644	20150527	7747.02962963	19954100.8267	8.12592592593	2.0
628	20150528	7747.02962963	19954100.8267	8.12592592593	2.0
583	20150529	7747.02962963	19954100.8267	8.12592592593	2.0
572	20150530	7747.02962963	19954100.8267	8.12592592593	2.0
671	20150531	7747.02962963	19954100.8267	8.12592592593	2.0
674	20150601	7747.02962963	19954100.8267	8.12592592593	2.0
552	20150602	7747.02962963	19954100.8267	8.12592592593	2.0
643	20150603	7747.02962963	19954100.8267	8.12592592593	2.0
694	20150604	7747.02962963	19954100.8267	8.12592592593	2.0
671	20150605	7747.02962963	19954100.8267	8.12592592593	2.0
548	20150606	7747.02962963	19954100.8267	8.12592592593	2.0
492	20150607	7747.02962963	19954100.8267	8.12592592593	2.0
511	20150608	7747.02962963	19954100.8267	8.12592592593	2.0
523	20150609	7747.02962963	19954100.8267	8.12592592593	2.0
714	20150610	7747.02962963	19954100.8267	8.12592592593	2.0
650	20150611	7747.02962963	19954100.8267	8.12592592593	2.0
656	20150612	7747.02962963	19954100.8267	8.12592592593	2.0
612	20150613	7747.02962963	19954100.8267	8.12592592593	2.0
684	20150614	7747.02962963	19954100.8267	8.12592592593	2.0
633	20150615	7747.02962963	19954100.8267	8.12592592593	2.0
741	20150616	7747.02962963	19954100.8267	8.12592592593	2.0
690	20150617	7747.02962963	19954100.8267	8.12592592593	2.0
635	20150618	7747.02962963	19954100.8267	8.12592592593	2.0
709	20150619	7747.02962963	19954100.8267	8.12592592593	2.0
655	20150620	7747.02962963	19954100.8267	8.12592592593	2.0
599	20150621	7747.02962963	19954100.8267	8.12592592593	2.0
627	20150622	7747.02962963	19954100.8267	8.12592592593	2.0
604	20150623	7747.02962963	19954100.8267	8.12592592593	2.0
520	20150624	7747.02962963	19954100.8267	8.12592592593	2.0
690	20150625	7747.02962963	19954100.8267	8.12592592593	2.0
637	20150626	7747.02962963	19954100.8267	8.12592592593	2.0
699	20150627	7747.02962963	19954100.8267	8.12592592593	2.0
601	20150628	7747.02962963	19954100.8267	8.12592592593	2.0
690	20150629	7747.02962963	19954100.8267	8.12592592593	2.0
664	20150630	7747.02962963	19954100.8267	8.12592592593	2.0
610	20150701	7747.02962963	19954100.8267	8.12592592593	2.0
655	20150702	7747.02962963	19954100.8267	8.12592592593	2.0
584	20150703	7747.02962963	19954100.8267	8.12592592593	2.0
551	20150704	7747.02962963	19954100.8267	8.12592592593	2.0
602	20150705	7747.02962963	19954100.8267	8.12592592593	2.0
612	20150706	7747.02962963	19954100.8267	8.12592592593	2.0
754	20150707	7747.02962963	19954100.8267	8.12592592593	2.0
565	20150708	7747.02962963	19954100.8267	8.12592592593	2.0
591	20150709	7747.02962963	19954100.8267	8.12592592593	2.0
547	20150710	7747.02962963	19954100.8267	8.12592592593	2.0
557	20150711	7747.02962963	19954100.8267	8.12592592593	2.0
686	20150712	7747.02962963	19954100.8267	8.12592592593	2.0
608	20150713	7747.02962963	19954100.8267	8.12592592593	2.0
692	20150714	7747.02962963	19954100.8267	8.12592592593	2.0
690	20150715	7747.02962963	19954100.8267	8.12592592593	2.0
673	20150716	7747.02962963	19954100.8267	8.12592592593	2.0
600	20150717	7747.02962963	19954100.8267	8.12592592593	2.0
601	20150718	7747.02962963	19954100.8267	8.12592592593	2.0
668	20150719	7747.02962963	19954100.8267	8.12592592593	2.0
609	20150720	7747.02962963	19954100.8267	8.12592592593	2.0
677	20150721	7747.02962963	19954100.8267	8.12592592593	2.0
655	20150722	7747.02962963	19954100.8267	8.12592592593	2.0
625	20150723	7747.02962963	19954100.8267	8.12592592593	2.0
813	20150724	7747.02962963	19954100.8267	8.12592592593	2.0
681	20150725	7747.02962963	19954100.8267	8.12592592593	2.0
580	20150726	7747.02962963	19954100.8267	8.12592592593	2.0
670	20150727	7747.02962963	19954100.8267	8.12592592593	2.0
719	20150728	7747.02962963	19954100.8267	8.12592592593	2.0
607	20150729	7747.02962963	19954100.8267	8.12592592593	2.0
1014	20150730	7747.02962963	19954100.8267	8.12592592593	2.0
635	20150731	7747.02962963	19954100.8267	8.12592592593	2.0
613	20150801	7747.02962963	19954100.8267	8.12592592593	2.0
559	20150802	7747.02962963	19954100.8267	8.12592592593	2.0
617	20150803	7747.02962963	19954100.8267	8.12592592593	2.0
553	20150804	7747.02962963	19954100.8267	8.12592592593	2.0
494	20150805	7747.02962963	19954100.8267	8.12592592593	2.0
550	20150806	7747.02962963	19954100.8267	8.12592592593	2.0
580	20150807	7747.02962963	19954100.8267	8.12592592593	2.0
508	20150808	7747.02962963	19954100.8267	8.12592592593	2.0
615	20150809	7747.02962963	19954100.8267	8.12592592593	2.0
541	20150810	7747.02962963	19954100.8267	8.12592592593	2.0
553	20150811	7747.02962963	19954100.8267	8.12592592593	2.0
572	20150812	7747.02962963	19954100.8267	8.12592592593	2.0
588	20150813	7747.02962963	19954100.8267	8.12592592593	2.0
631	20150814	7747.02962963	19954100.8267	8.12592592593	2.0
617	20150815	7747.02962963	19954100.8267	8.12592592593	2.0
588	20150816	7747.02962963	19954100.8267	8.12592592593	2.0
554	20150817	7747.02962963	19954100.8267	8.12592592593	2.0
530	20150818	7747.02962963	19954100.8267	8.12592592593	2.0
598	20150819	7747.02962963	19954100.8267	8.12592592593	2.0
587	20150820	7747.02962963	19954100.8267	8.12592592593	2.0
724	20150821	7747.02962963	19954100.8267	8.12592592593	2.0
527	20150822	7747.02962963	19954100.8267	8.12592592593	2.0
670	20150823	7747.02962963	19954100.8267	8.12592592593	2.0
606	20150824	7747.02962963	19954100.8267	8.12592592593	2.0
635	20150825	7747.02962963	19954100.8267	8.12592592593	2.0
719	20150826	7747.02962963	19954100.8267	8.12592592593	2.0
627	20150827	7747.02962963	19954100.8267	8.12592592593	2.0
615	20150828	7747.02962963	19954100.8267	8.12592592593	2.0
523	20150829	7747.02962963	19954100.8267	8.12592592593	2.0
513	20150830	7747.02962963	19954100.8267	8.12592592593	2.0
