257	20150301	64871.9055556	20092461.8	2.05555555556	2.0
200	20150302	64871.9055556	20092461.8	2.05555555556	2.0
300	20150303	64871.9055556	20092461.8	2.05555555556	2.0
366	20150304	64871.9055556	20092461.8	2.05555555556	2.0
332	20150305	64871.9055556	20092461.8	2.05555555556	2.0
491	20150306	64871.9055556	20092461.8	2.05555555556	2.0
1010	20150307	64871.9055556	20092461.8	2.05555555556	2.0
1115	20150308	64871.9055556	20092461.8	2.05555555556	2.0
709	20150309	64871.9055556	20092461.8	2.05555555556	2.0
457	20150310	64871.9055556	20092461.8	2.05555555556	2.0
476	20150311	64871.9055556	20092461.8	2.05555555556	2.0
436	20150312	64871.9055556	20092461.8	2.05555555556	2.0
717	20150313	64871.9055556	20092461.8	2.05555555556	2.0
543	20150314	64871.9055556	20092461.8	2.05555555556	2.0
350	20150315	64871.9055556	20092461.8	2.05555555556	2.0
306	20150316	64871.9055556	20092461.8	2.05555555556	2.0
312	20150317	64871.9055556	20092461.8	2.05555555556	2.0
280	20150318	64871.9055556	20092461.8	2.05555555556	2.0
287	20150319	64871.9055556	20092461.8	2.05555555556	2.0
262	20150320	64871.9055556	20092461.8	2.05555555556	2.0
235	20150321	64871.9055556	20092461.8	2.05555555556	2.0
245	20150322	64871.9055556	20092461.8	2.05555555556	2.0
218	20150323	64871.9055556	20092461.8	2.05555555556	2.0
321	20150324	64871.9055556	20092461.8	2.05555555556	2.0
194	20150325	64871.9055556	20092461.8	2.05555555556	2.0
271	20150326	64871.9055556	20092461.8	2.05555555556	2.0
237	20150327	64871.9055556	20092461.8	2.05555555556	2.0
453	20150328	64871.9055556	20092461.8	2.05555555556	2.0
416	20150329	64871.9055556	20092461.8	2.05555555556	2.0
346	20150330	64871.9055556	20092461.8	2.05555555556	2.0
287	20150331	64871.9055556	20092461.8	2.05555555556	2.0
320	20150401	64871.9055556	20092461.8	2.05555555556	2.0
311	20150402	64871.9055556	20092461.8	2.05555555556	2.0
337	20150403	64871.9055556	20092461.8	2.05555555556	2.0
330	20150404	64871.9055556	20092461.8	2.05555555556	2.0
366	20150405	64871.9055556	20092461.8	2.05555555556	2.0
304	20150406	64871.9055556	20092461.8	2.05555555556	2.0
280	20150407	64871.9055556	20092461.8	2.05555555556	2.0
306	20150408	64871.9055556	20092461.8	2.05555555556	2.0
285	20150409	64871.9055556	20092461.8	2.05555555556	2.0
295	20150410	64871.9055556	20092461.8	2.05555555556	2.0
385	20150411	64871.9055556	20092461.8	2.05555555556	2.0
329	20150412	64871.9055556	20092461.8	2.05555555556	2.0
329	20150413	64871.9055556	20092461.8	2.05555555556	2.0
319	20150414	64871.9055556	20092461.8	2.05555555556	2.0
353	20150415	64871.9055556	20092461.8	2.05555555556	2.0
225	20150416	64871.9055556	20092461.8	2.05555555556	2.0
299	20150417	64871.9055556	20092461.8	2.05555555556	2.0
285	20150418	64871.9055556	20092461.8	2.05555555556	2.0
406	20150419	64871.9055556	20092461.8	2.05555555556	2.0
309	20150420	64871.9055556	20092461.8	2.05555555556	2.0
275	20150421	64871.9055556	20092461.8	2.05555555556	2.0
290	20150422	64871.9055556	20092461.8	2.05555555556	2.0
310	20150423	64871.9055556	20092461.8	2.05555555556	2.0
294	20150424	64871.9055556	20092461.8	2.05555555556	2.0
247	20150425	64871.9055556	20092461.8	2.05555555556	2.0
361	20150426	64871.9055556	20092461.8	2.05555555556	2.0
256	20150427	64871.9055556	20092461.8	2.05555555556	2.0
278	20150428	64871.9055556	20092461.8	2.05555555556	2.0
234	20150429	64871.9055556	20092461.8	2.05555555556	2.0
247	20150430	64871.9055556	20092461.8	2.05555555556	2.0
243	20150501	64871.9055556	20092461.8	2.05555555556	2.0
234	20150502	64871.9055556	20092461.8	2.05555555556	2.0
349	20150503	64871.9055556	20092461.8	2.05555555556	2.0
234	20150504	64871.9055556	20092461.8	2.05555555556	2.0
245	20150505	64871.9055556	20092461.8	2.05555555556	2.0
304	20150506	64871.9055556	20092461.8	2.05555555556	2.0
299	20150507	64871.9055556	20092461.8	2.05555555556	2.0
265	20150508	64871.9055556	20092461.8	2.05555555556	2.0
230	20150509	64871.9055556	20092461.8	2.05555555556	2.0
354	20150510	64871.9055556	20092461.8	2.05555555556	2.0
265	20150511	64871.9055556	20092461.8	2.05555555556	2.0
240	20150512	64871.9055556	20092461.8	2.05555555556	2.0
290	20150513	64871.9055556	20092461.8	2.05555555556	2.0
262	20150514	64871.9055556	20092461.8	2.05555555556	2.0
271	20150515	64871.9055556	20092461.8	2.05555555556	2.0
279	20150516	64871.9055556	20092461.8	2.05555555556	2.0
346	20150517	64871.9055556	20092461.8	2.05555555556	2.0
285	20150518	64871.9055556	20092461.8	2.05555555556	2.0
231	20150519	64871.9055556	20092461.8	2.05555555556	2.0
250	20150520	64871.9055556	20092461.8	2.05555555556	2.0
218	20150521	64871.9055556	20092461.8	2.05555555556	2.0
242	20150522	64871.9055556	20092461.8	2.05555555556	2.0
238	20150523	64871.9055556	20092461.8	2.05555555556	2.0
328	20150524	64871.9055556	20092461.8	2.05555555556	2.0
197	20150525	64871.9055556	20092461.8	2.05555555556	2.0
204	20150526	64871.9055556	20092461.8	2.05555555556	2.0
245	20150527	64871.9055556	20092461.8	2.05555555556	2.0
301	20150528	64871.9055556	20092461.8	2.05555555556	2.0
285	20150529	64871.9055556	20092461.8	2.05555555556	2.0
263	20150530	64871.9055556	20092461.8	2.05555555556	2.0
337	20150531	64871.9055556	20092461.8	2.05555555556	2.0
333	20150601	64871.9055556	20092461.8	2.05555555556	2.0
258	20150602	64871.9055556	20092461.8	2.05555555556	2.0
247	20150603	64871.9055556	20092461.8	2.05555555556	2.0
329	20150604	64871.9055556	20092461.8	2.05555555556	2.0
388	20150605	64871.9055556	20092461.8	2.05555555556	2.0
977	20150606	64871.9055556	20092461.8	2.05555555556	2.0
978	20150607	64871.9055556	20092461.8	2.05555555556	2.0
946	20150608	64871.9055556	20092461.8	2.05555555556	2.0
552	20150609	64871.9055556	20092461.8	2.05555555556	2.0
365	20150610	64871.9055556	20092461.8	2.05555555556	2.0
405	20150611	64871.9055556	20092461.8	2.05555555556	2.0
419	20150612	64871.9055556	20092461.8	2.05555555556	2.0
333	20150613	64871.9055556	20092461.8	2.05555555556	2.0
418	20150614	64871.9055556	20092461.8	2.05555555556	2.0
469	20150615	64871.9055556	20092461.8	2.05555555556	2.0
521	20150616	64871.9055556	20092461.8	2.05555555556	2.0
446	20150617	64871.9055556	20092461.8	2.05555555556	2.0
351	20150618	64871.9055556	20092461.8	2.05555555556	2.0
342	20150619	64871.9055556	20092461.8	2.05555555556	2.0
325	20150620	64871.9055556	20092461.8	2.05555555556	2.0
510	20150621	64871.9055556	20092461.8	2.05555555556	2.0
383	20150622	64871.9055556	20092461.8	2.05555555556	2.0
297	20150623	64871.9055556	20092461.8	2.05555555556	2.0
273	20150624	64871.9055556	20092461.8	2.05555555556	2.0
296	20150625	64871.9055556	20092461.8	2.05555555556	2.0
277	20150626	64871.9055556	20092461.8	2.05555555556	2.0
254	20150627	64871.9055556	20092461.8	2.05555555556	2.0
322	20150628	64871.9055556	20092461.8	2.05555555556	2.0
258	20150629	64871.9055556	20092461.8	2.05555555556	2.0
255	20150630	64871.9055556	20092461.8	2.05555555556	2.0
291	20150701	64871.9055556	20092461.8	2.05555555556	2.0
305	20150702	64871.9055556	20092461.8	2.05555555556	2.0
299	20150703	64871.9055556	20092461.8	2.05555555556	2.0
254	20150704	64871.9055556	20092461.8	2.05555555556	2.0
349	20150705	64871.9055556	20092461.8	2.05555555556	2.0
307	20150706	64871.9055556	20092461.8	2.05555555556	2.0
263	20150707	64871.9055556	20092461.8	2.05555555556	2.0
352	20150708	64871.9055556	20092461.8	2.05555555556	2.0
350	20150709	64871.9055556	20092461.8	2.05555555556	2.0
424	20150710	64871.9055556	20092461.8	2.05555555556	2.0
350	20150711	64871.9055556	20092461.8	2.05555555556	2.0
445	20150712	64871.9055556	20092461.8	2.05555555556	2.0
433	20150713	64871.9055556	20092461.8	2.05555555556	2.0
469	20150714	64871.9055556	20092461.8	2.05555555556	2.0
417	20150715	64871.9055556	20092461.8	2.05555555556	2.0
411	20150716	64871.9055556	20092461.8	2.05555555556	2.0
451	20150717	64871.9055556	20092461.8	2.05555555556	2.0
373	20150718	64871.9055556	20092461.8	2.05555555556	2.0
391	20150719	64871.9055556	20092461.8	2.05555555556	2.0
353	20150720	64871.9055556	20092461.8	2.05555555556	2.0
343	20150721	64871.9055556	20092461.8	2.05555555556	2.0
288	20150722	64871.9055556	20092461.8	2.05555555556	2.0
377	20150723	64871.9055556	20092461.8	2.05555555556	2.0
301	20150724	64871.9055556	20092461.8	2.05555555556	2.0
270	20150725	64871.9055556	20092461.8	2.05555555556	2.0
391	20150726	64871.9055556	20092461.8	2.05555555556	2.0
259	20150727	64871.9055556	20092461.8	2.05555555556	2.0
266	20150728	64871.9055556	20092461.8	2.05555555556	2.0
299	20150729	64871.9055556	20092461.8	2.05555555556	2.0
268	20150730	64871.9055556	20092461.8	2.05555555556	2.0
294	20150731	64871.9055556	20092461.8	2.05555555556	2.0
291	20150801	64871.9055556	20092461.8	2.05555555556	2.0
335	20150802	64871.9055556	20092461.8	2.05555555556	2.0
334	20150803	64871.9055556	20092461.8	2.05555555556	2.0
296	20150804	64871.9055556	20092461.8	2.05555555556	2.0
447	20150805	64871.9055556	20092461.8	2.05555555556	2.0
308	20150806	64871.9055556	20092461.8	2.05555555556	2.0
391	20150807	64871.9055556	20092461.8	2.05555555556	2.0
225	20150808	64871.9055556	20092461.8	2.05555555556	2.0
280	20150809	64871.9055556	20092461.8	2.05555555556	2.0
269	20150810	64871.9055556	20092461.8	2.05555555556	2.0
301	20150811	64871.9055556	20092461.8	2.05555555556	2.0
267	20150812	64871.9055556	20092461.8	2.05555555556	2.0
311	20150813	64871.9055556	20092461.8	2.05555555556	2.0
291	20150814	64871.9055556	20092461.8	2.05555555556	2.0
223	20150815	64871.9055556	20092461.8	2.05555555556	2.0
305	20150816	64871.9055556	20092461.8	2.05555555556	2.0
298	20150817	64871.9055556	20092461.8	2.05555555556	2.0
276	20150818	64871.9055556	20092461.8	2.05555555556	2.0
310	20150819	64871.9055556	20092461.8	2.05555555556	2.0
286	20150820	64871.9055556	20092461.8	2.05555555556	2.0
289	20150821	64871.9055556	20092461.8	2.05555555556	2.0
222	20150822	64871.9055556	20092461.8	2.05555555556	2.0
242	20150823	64871.9055556	20092461.8	2.05555555556	2.0
299	20150824	64871.9055556	20092461.8	2.05555555556	2.0
244	20150825	64871.9055556	20092461.8	2.05555555556	2.0
287	20150826	64871.9055556	20092461.8	2.05555555556	2.0
259	20150827	64871.9055556	20092461.8	2.05555555556	2.0
265	20150828	64871.9055556	20092461.8	2.05555555556	2.0
230	20150829	64871.9055556	20092461.8	2.05555555556	2.0
309	20150830	64871.9055556	20092461.8	2.05555555556	2.0
