637	20150301	129665.7	20070758.95	1.0	1.0
654	20150302	129665.7	20070758.95	1.0	1.0
709	20150303	129665.7	20070758.95	1.0	1.0
565	20150304	129665.7	20070758.95	1.0	1.0
606	20150305	129665.7	20070758.95	1.0	1.0
594	20150306	129665.7	20070758.95	1.0	1.0
565	20150307	129665.7	20070758.95	1.0	1.0
652	20150308	129665.7	20070758.95	1.0	1.0
586	20150309	129665.7	20070758.95	1.0	1.0
520	20150310	129665.7	20070758.95	1.0	1.0
684	20150311	129665.7	20070758.95	1.0	1.0
627	20150312	129665.7	20070758.95	1.0	1.0
720	20150313	129665.7	20070758.95	1.0	1.0
619	20150314	129665.7	20070758.95	1.0	1.0
583	20150315	129665.7	20070758.95	1.0	1.0
616	20150316	129665.7	20070758.95	1.0	1.0
606	20150317	129665.7	20070758.95	1.0	1.0
658	20150318	129665.7	20070758.95	1.0	1.0
644	20150319	129665.7	20070758.95	1.0	1.0
830	20150320	129665.7	20070758.95	1.0	1.0
780	20150321	129665.7	20070758.95	1.0	1.0
688	20150322	129665.7	20070758.95	1.0	1.0
843	20150323	129665.7	20070758.95	1.0	1.0
813	20150324	129665.7	20070758.95	1.0	1.0
708	20150325	129665.7	20070758.95	1.0	1.0
828	20150326	129665.7	20070758.95	1.0	1.0
759	20150327	129665.7	20070758.95	1.0	1.0
781	20150328	129665.7	20070758.95	1.0	1.0
690	20150329	129665.7	20070758.95	1.0	1.0
782	20150330	129665.7	20070758.95	1.0	1.0
868	20150331	129665.7	20070758.95	1.0	1.0
953	20150401	129665.7	20070758.95	1.0	1.0
1119	20150402	129665.7	20070758.95	1.0	1.0
1043	20150403	129665.7	20070758.95	1.0	1.0
865	20150404	129665.7	20070758.95	1.0	1.0
711	20150405	129665.7	20070758.95	1.0	1.0
844	20150406	129665.7	20070758.95	1.0	1.0
978	20150407	129665.7	20070758.95	1.0	1.0
937	20150408	129665.7	20070758.95	1.0	1.0
953	20150409	129665.7	20070758.95	1.0	1.0
989	20150410	129665.7	20070758.95	1.0	1.0
890	20150411	129665.7	20070758.95	1.0	1.0
863	20150412	129665.7	20070758.95	1.0	1.0
838	20150413	129665.7	20070758.95	1.0	1.0
932	20150414	129665.7	20070758.95	1.0	1.0
1027	20150415	129665.7	20070758.95	1.0	1.0
980	20150416	129665.7	20070758.95	1.0	1.0
1096	20150417	129665.7	20070758.95	1.0	1.0
835	20150418	129665.7	20070758.95	1.0	1.0
988	20150419	129665.7	20070758.95	1.0	1.0
1118	20150420	129665.7	20070758.95	1.0	1.0
1057	20150421	129665.7	20070758.95	1.0	1.0
1158	20150422	129665.7	20070758.95	1.0	1.0
1087	20150423	129665.7	20070758.95	1.0	1.0
911	20150424	129665.7	20070758.95	1.0	1.0
894	20150425	129665.7	20070758.95	1.0	1.0
1015	20150426	129665.7	20070758.95	1.0	1.0
1114	20150427	129665.7	20070758.95	1.0	1.0
845	20150428	129665.7	20070758.95	1.0	1.0
927	20150429	129665.7	20070758.95	1.0	1.0
899	20150430	129665.7	20070758.95	1.0	1.0
918	20150501	129665.7	20070758.95	1.0	1.0
781	20150502	129665.7	20070758.95	1.0	1.0
1077	20150503	129665.7	20070758.95	1.0	1.0
987	20150504	129665.7	20070758.95	1.0	1.0
957	20150505	129665.7	20070758.95	1.0	1.0
833	20150506	129665.7	20070758.95	1.0	1.0
958	20150507	129665.7	20070758.95	1.0	1.0
984	20150508	129665.7	20070758.95	1.0	1.0
905	20150509	129665.7	20070758.95	1.0	1.0
837	20150510	129665.7	20070758.95	1.0	1.0
832	20150511	129665.7	20070758.95	1.0	1.0
1065	20150512	129665.7	20070758.95	1.0	1.0
1149	20150513	129665.7	20070758.95	1.0	1.0
1083	20150514	129665.7	20070758.95	1.0	1.0
963	20150515	129665.7	20070758.95	1.0	1.0
830	20150516	129665.7	20070758.95	1.0	1.0
922	20150517	129665.7	20070758.95	1.0	1.0
974	20150518	129665.7	20070758.95	1.0	1.0
818	20150519	129665.7	20070758.95	1.0	1.0
894	20150520	129665.7	20070758.95	1.0	1.0
1066	20150521	129665.7	20070758.95	1.0	1.0
985	20150522	129665.7	20070758.95	1.0	1.0
839	20150523	129665.7	20070758.95	1.0	1.0
822	20150524	129665.7	20070758.95	1.0	1.0
874	20150525	129665.7	20070758.95	1.0	1.0
965	20150526	129665.7	20070758.95	1.0	1.0
971	20150527	129665.7	20070758.95	1.0	1.0
1080	20150528	129665.7	20070758.95	1.0	1.0
1119	20150529	129665.7	20070758.95	1.0	1.0
952	20150530	129665.7	20070758.95	1.0	1.0
915	20150531	129665.7	20070758.95	1.0	1.0
964	20150601	129665.7	20070758.95	1.0	1.0
877	20150602	129665.7	20070758.95	1.0	1.0
1169	20150603	129665.7	20070758.95	1.0	1.0
984	20150604	129665.7	20070758.95	1.0	1.0
956	20150605	129665.7	20070758.95	1.0	1.0
970	20150606	129665.7	20070758.95	1.0	1.0
885	20150607	129665.7	20070758.95	1.0	1.0
999	20150608	129665.7	20070758.95	1.0	1.0
1058	20150609	129665.7	20070758.95	1.0	1.0
1081	20150610	129665.7	20070758.95	1.0	1.0
1068	20150611	129665.7	20070758.95	1.0	1.0
1169	20150612	129665.7	20070758.95	1.0	1.0
947	20150613	129665.7	20070758.95	1.0	1.0
1080	20150614	129665.7	20070758.95	1.0	1.0
1101	20150615	129665.7	20070758.95	1.0	1.0
1010	20150616	129665.7	20070758.95	1.0	1.0
938	20150617	129665.7	20070758.95	1.0	1.0
1066	20150618	129665.7	20070758.95	1.0	1.0
1216	20150619	129665.7	20070758.95	1.0	1.0
965	20150620	129665.7	20070758.95	1.0	1.0
810	20150621	129665.7	20070758.95	1.0	1.0
969	20150622	129665.7	20070758.95	1.0	1.0
1010	20150623	129665.7	20070758.95	1.0	1.0
1166	20150624	129665.7	20070758.95	1.0	1.0
1050	20150625	129665.7	20070758.95	1.0	1.0
1153	20150626	129665.7	20070758.95	1.0	1.0
1092	20150627	129665.7	20070758.95	1.0	1.0
980	20150628	129665.7	20070758.95	1.0	1.0
1089	20150629	129665.7	20070758.95	1.0	1.0
1077	20150630	129665.7	20070758.95	1.0	1.0
1188	20150701	129665.7	20070758.95	1.0	1.0
1143	20150702	129665.7	20070758.95	1.0	1.0
1184	20150703	129665.7	20070758.95	1.0	1.0
1112	20150704	129665.7	20070758.95	1.0	1.0
1157	20150705	129665.7	20070758.95	1.0	1.0
1209	20150706	129665.7	20070758.95	1.0	1.0
1142	20150707	129665.7	20070758.95	1.0	1.0
1298	20150708	129665.7	20070758.95	1.0	1.0
1197	20150709	129665.7	20070758.95	1.0	1.0
1163	20150710	129665.7	20070758.95	1.0	1.0
1053	20150711	129665.7	20070758.95	1.0	1.0
1183	20150712	129665.7	20070758.95	1.0	1.0
1253	20150713	129665.7	20070758.95	1.0	1.0
1186	20150714	129665.7	20070758.95	1.0	1.0
1188	20150715	129665.7	20070758.95	1.0	1.0
1349	20150716	129665.7	20070758.95	1.0	1.0
1055	20150717	129665.7	20070758.95	1.0	1.0
1014	20150718	129665.7	20070758.95	1.0	1.0
1017	20150719	129665.7	20070758.95	1.0	1.0
993	20150720	129665.7	20070758.95	1.0	1.0
923	20150721	129665.7	20070758.95	1.0	1.0
1108	20150722	129665.7	20070758.95	1.0	1.0
1182	20150723	129665.7	20070758.95	1.0	1.0
1074	20150724	129665.7	20070758.95	1.0	1.0
1047	20150725	129665.7	20070758.95	1.0	1.0
1011	20150726	129665.7	20070758.95	1.0	1.0
1051	20150727	129665.7	20070758.95	1.0	1.0
1018	20150728	129665.7	20070758.95	1.0	1.0
942	20150729	129665.7	20070758.95	1.0	1.0
851	20150730	129665.7	20070758.95	1.0	1.0
878	20150731	129665.7	20070758.95	1.0	1.0
908	20150801	129665.7	20070758.95	1.0	1.0
678	20150802	129665.7	20070758.95	1.0	1.0
831	20150803	129665.7	20070758.95	1.0	1.0
906	20150804	129665.7	20070758.95	1.0	1.0
1050	20150805	129665.7	20070758.95	1.0	1.0
951	20150806	129665.7	20070758.95	1.0	1.0
1032	20150807	129665.7	20070758.95	1.0	1.0
1022	20150808	129665.7	20070758.95	1.0	1.0
805	20150809	129665.7	20070758.95	1.0	1.0
881	20150810	129665.7	20070758.95	1.0	1.0
816	20150811	129665.7	20070758.95	1.0	1.0
909	20150812	129665.7	20070758.95	1.0	1.0
959	20150813	129665.7	20070758.95	1.0	1.0
941	20150814	129665.7	20070758.95	1.0	1.0
788	20150815	129665.7	20070758.95	1.0	1.0
912	20150816	129665.7	20070758.95	1.0	1.0
956	20150817	129665.7	20070758.95	1.0	1.0
981	20150818	129665.7	20070758.95	1.0	1.0
1387	20150819	129665.7	20070758.95	1.0	1.0
1163	20150820	129665.7	20070758.95	1.0	1.0
1000	20150821	129665.7	20070758.95	1.0	1.0
911	20150822	129665.7	20070758.95	1.0	1.0
914	20150823	129665.7	20070758.95	1.0	1.0
879	20150824	129665.7	20070758.95	1.0	1.0
823	20150825	129665.7	20070758.95	1.0	1.0
917	20150826	129665.7	20070758.95	1.0	1.0
962	20150827	129665.7	20070758.95	1.0	1.0
1008	20150828	129665.7	20070758.95	1.0	1.0
1064	20150829	129665.7	20070758.95	1.0	1.0
1009	20150830	129665.7	20070758.95	1.0	1.0
