148	20150301	18907.2921348	20094003.4494	2.0	3.0
97	20150302	18907.2921348	20094003.4494	2.0	3.0
135	20150303	18907.2921348	20094003.4494	2.0	3.0
172	20150304	18907.2921348	20094003.4494	2.0	3.0
145	20150305	18907.2921348	20094003.4494	2.0	3.0
131	20150306	18907.2921348	20094003.4494	2.0	3.0
133	20150307	18907.2921348	20094003.4494	2.0	3.0
150	20150308	18907.2921348	20094003.4494	2.0	3.0
129	20150309	18907.2921348	20094003.4494	2.0	3.0
168	20150310	18907.2921348	20094003.4494	2.0	3.0
90	20150311	18907.2921348	20094003.4494	2.0	3.0
97	20150312	18907.2921348	20094003.4494	2.0	3.0
151	20150313	18907.2921348	20094003.4494	2.0	3.0
105	20150314	18907.2921348	20094003.4494	2.0	3.0
141	20150315	18907.2921348	20094003.4494	2.0	3.0
114	20150316	18907.2921348	20094003.4494	2.0	3.0
137	20150317	18907.2921348	20094003.4494	2.0	3.0
93	20150318	18907.2921348	20094003.4494	2.0	3.0
164	20150319	18907.2921348	20094003.4494	2.0	3.0
152	20150320	18907.2921348	20094003.4494	2.0	3.0
267	20150321	18907.2921348	20094003.4494	2.0	3.0
169	20150322	18907.2921348	20094003.4494	2.0	3.0
101	20150323	18907.2921348	20094003.4494	2.0	3.0
140	20150324	18907.2921348	20094003.4494	2.0	3.0
237	20150325	18907.2921348	20094003.4494	2.0	3.0
204	20150326	18907.2921348	20094003.4494	2.0	3.0
159	20150327	18907.2921348	20094003.4494	2.0	3.0
222	20150328	18907.2921348	20094003.4494	2.0	3.0
243	20150329	18907.2921348	20094003.4494	2.0	3.0
250	20150330	18907.2921348	20094003.4494	2.0	3.0
288	20150331	18907.2921348	20094003.4494	2.0	3.0
206	20150401	18907.2921348	20094003.4494	2.0	3.0
213	20150402	18907.2921348	20094003.4494	2.0	3.0
169	20150403	18907.2921348	20094003.4494	2.0	3.0
187	20150404	18907.2921348	20094003.4494	2.0	3.0
163	20150405	18907.2921348	20094003.4494	2.0	3.0
144	20150406	18907.2921348	20094003.4494	2.0	3.0
137	20150407	18907.2921348	20094003.4494	2.0	3.0
130	20150408	18907.2921348	20094003.4494	2.0	3.0
181	20150409	18907.2921348	20094003.4494	2.0	3.0
161	20150410	18907.2921348	20094003.4494	2.0	3.0
232	20150411	18907.2921348	20094003.4494	2.0	3.0
190	20150412	18907.2921348	20094003.4494	2.0	3.0
129	20150413	18907.2921348	20094003.4494	2.0	3.0
157	20150414	18907.2921348	20094003.4494	2.0	3.0
253	20150415	18907.2921348	20094003.4494	2.0	3.0
156	20150416	18907.2921348	20094003.4494	2.0	3.0
131	20150417	18907.2921348	20094003.4494	2.0	3.0
189	20150418	18907.2921348	20094003.4494	2.0	3.0
159	20150419	18907.2921348	20094003.4494	2.0	3.0
134	20150420	18907.2921348	20094003.4494	2.0	3.0
177	20150421	18907.2921348	20094003.4494	2.0	3.0
159	20150422	18907.2921348	20094003.4494	2.0	3.0
144	20150423	18907.2921348	20094003.4494	2.0	3.0
178	20150424	18907.2921348	20094003.4494	2.0	3.0
157	20150425	18907.2921348	20094003.4494	2.0	3.0
221	20150426	18907.2921348	20094003.4494	2.0	3.0
135	20150427	18907.2921348	20094003.4494	2.0	3.0
122	20150428	18907.2921348	20094003.4494	2.0	3.0
205	20150429	18907.2921348	20094003.4494	2.0	3.0
239	20150430	18907.2921348	20094003.4494	2.0	3.0
236	20150501	18907.2921348	20094003.4494	2.0	3.0
132	20150502	18907.2921348	20094003.4494	2.0	3.0
151	20150503	18907.2921348	20094003.4494	2.0	3.0
214	20150504	18907.2921348	20094003.4494	2.0	3.0
112	20150505	18907.2921348	20094003.4494	2.0	3.0
147	20150506	18907.2921348	20094003.4494	2.0	3.0
177	20150507	18907.2921348	20094003.4494	2.0	3.0
218	20150508	18907.2921348	20094003.4494	2.0	3.0
164	20150509	18907.2921348	20094003.4494	2.0	3.0
136	20150510	18907.2921348	20094003.4494	2.0	3.0
146	20150511	18907.2921348	20094003.4494	2.0	3.0
156	20150512	18907.2921348	20094003.4494	2.0	3.0
130	20150513	18907.2921348	20094003.4494	2.0	3.0
178	20150514	18907.2921348	20094003.4494	2.0	3.0
148	20150515	18907.2921348	20094003.4494	2.0	3.0
126	20150516	18907.2921348	20094003.4494	2.0	3.0
182	20150517	18907.2921348	20094003.4494	2.0	3.0
162	20150518	18907.2921348	20094003.4494	2.0	3.0
144	20150519	18907.2921348	20094003.4494	2.0	3.0
156	20150520	18907.2921348	20094003.4494	2.0	3.0
168	20150521	18907.2921348	20094003.4494	2.0	3.0
165	20150522	18907.2921348	20094003.4494	2.0	3.0
122	20150523	18907.2921348	20094003.4494	2.0	3.0
149	20150524	18907.2921348	20094003.4494	2.0	3.0
123	20150525	18907.2921348	20094003.4494	2.0	3.0
167	20150526	18907.2921348	20094003.4494	2.0	3.0
199	20150527	18907.2921348	20094003.4494	2.0	3.0
143	20150528	18907.2921348	20094003.4494	2.0	3.0
152	20150529	18907.2921348	20094003.4494	2.0	3.0
171	20150530	18907.2921348	20094003.4494	2.0	3.0
155	20150531	18907.2921348	20094003.4494	2.0	3.0
159	20150601	18907.2921348	20094003.4494	2.0	3.0
119	20150602	18907.2921348	20094003.4494	2.0	3.0
193	20150603	18907.2921348	20094003.4494	2.0	3.0
183	20150604	18907.2921348	20094003.4494	2.0	3.0
148	20150605	18907.2921348	20094003.4494	2.0	3.0
358	20150606	18907.2921348	20094003.4494	2.0	3.0
159	20150607	18907.2921348	20094003.4494	2.0	3.0
157	20150608	18907.2921348	20094003.4494	2.0	3.0
139	20150609	18907.2921348	20094003.4494	2.0	3.0
168	20150610	18907.2921348	20094003.4494	2.0	3.0
142	20150611	18907.2921348	20094003.4494	2.0	3.0
164	20150612	18907.2921348	20094003.4494	2.0	3.0
155	20150613	18907.2921348	20094003.4494	2.0	3.0
163	20150614	18907.2921348	20094003.4494	2.0	3.0
175	20150615	18907.2921348	20094003.4494	2.0	3.0
179	20150616	18907.2921348	20094003.4494	2.0	3.0
155	20150617	18907.2921348	20094003.4494	2.0	3.0
205	20150618	18907.2921348	20094003.4494	2.0	3.0
166	20150619	18907.2921348	20094003.4494	2.0	3.0
118	20150620	18907.2921348	20094003.4494	2.0	3.0
176	20150621	18907.2921348	20094003.4494	2.0	3.0
154	20150622	18907.2921348	20094003.4494	2.0	3.0
174	20150623	18907.2921348	20094003.4494	2.0	3.0
162	20150624	18907.2921348	20094003.4494	2.0	3.0
184	20150625	18907.2921348	20094003.4494	2.0	3.0
138	20150626	18907.2921348	20094003.4494	2.0	3.0
111	20150627	18907.2921348	20094003.4494	2.0	3.0
152	20150628	18907.2921348	20094003.4494	2.0	3.0
112	20150629	18907.2921348	20094003.4494	2.0	3.0
128	20150630	18907.2921348	20094003.4494	2.0	3.0
157	20150701	18907.2921348	20094003.4494	2.0	3.0
177	20150702	18907.2921348	20094003.4494	2.0	3.0
200	20150703	18907.2921348	20094003.4494	2.0	3.0
133	20150704	18907.2921348	20094003.4494	2.0	3.0
100	20150705	18907.2921348	20094003.4494	2.0	3.0
118	20150706	18907.2921348	20094003.4494	2.0	3.0
150	20150707	18907.2921348	20094003.4494	2.0	3.0
120	20150708	18907.2921348	20094003.4494	2.0	3.0
176	20150709	18907.2921348	20094003.4494	2.0	3.0
133	20150710	18907.2921348	20094003.4494	2.0	3.0
106	20150711	18907.2921348	20094003.4494	2.0	3.0
123	20150712	18907.2921348	20094003.4494	2.0	3.0
166	20150713	18907.2921348	20094003.4494	2.0	3.0
125	20150714	18907.2921348	20094003.4494	2.0	3.0
115	20150715	18907.2921348	20094003.4494	2.0	3.0
150	20150716	18907.2921348	20094003.4494	2.0	3.0
165	20150717	18907.2921348	20094003.4494	2.0	3.0
120	20150718	18907.2921348	20094003.4494	2.0	3.0
144	20150719	18907.2921348	20094003.4494	2.0	3.0
148	20150720	18907.2921348	20094003.4494	2.0	3.0
121	20150721	18907.2921348	20094003.4494	2.0	3.0
100	20150722	18907.2921348	20094003.4494	2.0	3.0
146	20150723	18907.2921348	20094003.4494	2.0	3.0
147	20150724	18907.2921348	20094003.4494	2.0	3.0
125	20150725	18907.2921348	20094003.4494	2.0	3.0
134	20150726	18907.2921348	20094003.4494	2.0	3.0
150	20150727	18907.2921348	20094003.4494	2.0	3.0
228	20150728	18907.2921348	20094003.4494	2.0	3.0
109	20150729	18907.2921348	20094003.4494	2.0	3.0
163	20150730	18907.2921348	20094003.4494	2.0	3.0
141	20150731	18907.2921348	20094003.4494	2.0	3.0
111	20150801	18907.2921348	20094003.4494	2.0	3.0
144	20150802	18907.2921348	20094003.4494	2.0	3.0
185	20150803	18907.2921348	20094003.4494	2.0	3.0
174	20150804	18907.2921348	20094003.4494	2.0	3.0
190	20150805	18907.2921348	20094003.4494	2.0	3.0
165	20150806	18907.2921348	20094003.4494	2.0	3.0
137	20150807	18907.2921348	20094003.4494	2.0	3.0
125	20150808	18907.2921348	20094003.4494	2.0	3.0
185	20150809	18907.2921348	20094003.4494	2.0	3.0
217	20150810	18907.2921348	20094003.4494	2.0	3.0
131	20150811	18907.2921348	20094003.4494	2.0	3.0
127	20150812	18907.2921348	20094003.4494	2.0	3.0
161	20150813	18907.2921348	20094003.4494	2.0	3.0
138	20150814	18907.2921348	20094003.4494	2.0	3.0
91	20150815	18907.2921348	20094003.4494	2.0	3.0
113	20150816	18907.2921348	20094003.4494	2.0	3.0
105	20150817	18907.2921348	20094003.4494	2.0	3.0
123	20150818	18907.2921348	20094003.4494	2.0	3.0
140	20150819	18907.2921348	20094003.4494	2.0	3.0
175	20150820	18907.2921348	20094003.4494	2.0	3.0
181	20150821	18907.2921348	20094003.4494	2.0	3.0
108	20150822	18907.2921348	20094003.4494	2.0	3.0
132	20150823	18907.2921348	20094003.4494	2.0	3.0
138	20150824	18907.2921348	20094003.4494	2.0	3.0
123	20150825	18907.2921348	20094003.4494	2.0	3.0
114	20150826	18907.2921348	20094003.4494	2.0	3.0
156	20150827	18907.2921348	20094003.4494	2.0	3.0
145	20150828	18907.2921348	20094003.4494	2.0	3.0
112	20150829	18907.2921348	20094003.4494	2.0	3.0
78	20150830	18907.2921348	20094003.4494	2.0	3.0
