528	20150301	123435.721649	20105322.4639	1.0	2.0
383	20150302	123435.721649	20105322.4639	1.0	2.0
474	20150303	123435.721649	20105322.4639	1.0	2.0
554	20150304	123435.721649	20105322.4639	1.0	2.0
493	20150305	123435.721649	20105322.4639	1.0	2.0
737	20150306	123435.721649	20105322.4639	1.0	2.0
527	20150307	123435.721649	20105322.4639	1.0	2.0
384	20150308	123435.721649	20105322.4639	1.0	2.0
401	20150309	123435.721649	20105322.4639	1.0	2.0
557	20150310	123435.721649	20105322.4639	1.0	2.0
701	20150311	123435.721649	20105322.4639	1.0	2.0
469	20150312	123435.721649	20105322.4639	1.0	2.0
610	20150313	123435.721649	20105322.4639	1.0	2.0
572	20150314	123435.721649	20105322.4639	1.0	2.0
609	20150315	123435.721649	20105322.4639	1.0	2.0
720	20150316	123435.721649	20105322.4639	1.0	2.0
553	20150317	123435.721649	20105322.4639	1.0	2.0
644	20150318	123435.721649	20105322.4639	1.0	2.0
675	20150319	123435.721649	20105322.4639	1.0	2.0
675	20150320	123435.721649	20105322.4639	1.0	2.0
614	20150321	123435.721649	20105322.4639	1.0	2.0
669	20150322	123435.721649	20105322.4639	1.0	2.0
540	20150323	123435.721649	20105322.4639	1.0	2.0
513	20150324	123435.721649	20105322.4639	1.0	2.0
506	20150325	123435.721649	20105322.4639	1.0	2.0
629	20150326	123435.721649	20105322.4639	1.0	2.0
690	20150327	123435.721649	20105322.4639	1.0	2.0
517	20150328	123435.721649	20105322.4639	1.0	2.0
615	20150329	123435.721649	20105322.4639	1.0	2.0
807	20150330	123435.721649	20105322.4639	1.0	2.0
706	20150331	123435.721649	20105322.4639	1.0	2.0
734	20150401	123435.721649	20105322.4639	1.0	2.0
791	20150402	123435.721649	20105322.4639	1.0	2.0
771	20150403	123435.721649	20105322.4639	1.0	2.0
800	20150404	123435.721649	20105322.4639	1.0	2.0
801	20150405	123435.721649	20105322.4639	1.0	2.0
811	20150406	123435.721649	20105322.4639	1.0	2.0
863	20150407	123435.721649	20105322.4639	1.0	2.0
766	20150408	123435.721649	20105322.4639	1.0	2.0
956	20150409	123435.721649	20105322.4639	1.0	2.0
752	20150410	123435.721649	20105322.4639	1.0	2.0
719	20150411	123435.721649	20105322.4639	1.0	2.0
687	20150412	123435.721649	20105322.4639	1.0	2.0
647	20150413	123435.721649	20105322.4639	1.0	2.0
808	20150414	123435.721649	20105322.4639	1.0	2.0
918	20150415	123435.721649	20105322.4639	1.0	2.0
880	20150416	123435.721649	20105322.4639	1.0	2.0
768	20150417	123435.721649	20105322.4639	1.0	2.0
1036	20150418	123435.721649	20105322.4639	1.0	2.0
831	20150419	123435.721649	20105322.4639	1.0	2.0
766	20150420	123435.721649	20105322.4639	1.0	2.0
842	20150421	123435.721649	20105322.4639	1.0	2.0
824	20150422	123435.721649	20105322.4639	1.0	2.0
818	20150423	123435.721649	20105322.4639	1.0	2.0
941	20150424	123435.721649	20105322.4639	1.0	2.0
794	20150425	123435.721649	20105322.4639	1.0	2.0
681	20150426	123435.721649	20105322.4639	1.0	2.0
817	20150427	123435.721649	20105322.4639	1.0	2.0
779	20150428	123435.721649	20105322.4639	1.0	2.0
815	20150429	123435.721649	20105322.4639	1.0	2.0
791	20150430	123435.721649	20105322.4639	1.0	2.0
851	20150501	123435.721649	20105322.4639	1.0	2.0
696	20150502	123435.721649	20105322.4639	1.0	2.0
666	20150503	123435.721649	20105322.4639	1.0	2.0
690	20150504	123435.721649	20105322.4639	1.0	2.0
760	20150505	123435.721649	20105322.4639	1.0	2.0
876	20150506	123435.721649	20105322.4639	1.0	2.0
785	20150507	123435.721649	20105322.4639	1.0	2.0
836	20150508	123435.721649	20105322.4639	1.0	2.0
761	20150509	123435.721649	20105322.4639	1.0	2.0
652	20150510	123435.721649	20105322.4639	1.0	2.0
725	20150511	123435.721649	20105322.4639	1.0	2.0
779	20150512	123435.721649	20105322.4639	1.0	2.0
953	20150513	123435.721649	20105322.4639	1.0	2.0
1143	20150514	123435.721649	20105322.4639	1.0	2.0
1155	20150515	123435.721649	20105322.4639	1.0	2.0
1070	20150516	123435.721649	20105322.4639	1.0	2.0
1149	20150517	123435.721649	20105322.4639	1.0	2.0
1021	20150518	123435.721649	20105322.4639	1.0	2.0
1035	20150519	123435.721649	20105322.4639	1.0	2.0
985	20150520	123435.721649	20105322.4639	1.0	2.0
995	20150521	123435.721649	20105322.4639	1.0	2.0
877	20150522	123435.721649	20105322.4639	1.0	2.0
944	20150523	123435.721649	20105322.4639	1.0	2.0
929	20150524	123435.721649	20105322.4639	1.0	2.0
857	20150525	123435.721649	20105322.4639	1.0	2.0
927	20150526	123435.721649	20105322.4639	1.0	2.0
1080	20150527	123435.721649	20105322.4639	1.0	2.0
1019	20150528	123435.721649	20105322.4639	1.0	2.0
984	20150529	123435.721649	20105322.4639	1.0	2.0
787	20150530	123435.721649	20105322.4639	1.0	2.0
884	20150531	123435.721649	20105322.4639	1.0	2.0
960	20150601	123435.721649	20105322.4639	1.0	2.0
998	20150602	123435.721649	20105322.4639	1.0	2.0
963	20150603	123435.721649	20105322.4639	1.0	2.0
939	20150604	123435.721649	20105322.4639	1.0	2.0
931	20150605	123435.721649	20105322.4639	1.0	2.0
847	20150606	123435.721649	20105322.4639	1.0	2.0
842	20150607	123435.721649	20105322.4639	1.0	2.0
935	20150608	123435.721649	20105322.4639	1.0	2.0
881	20150609	123435.721649	20105322.4639	1.0	2.0
1178	20150610	123435.721649	20105322.4639	1.0	2.0
1009	20150611	123435.721649	20105322.4639	1.0	2.0
914	20150612	123435.721649	20105322.4639	1.0	2.0
776	20150613	123435.721649	20105322.4639	1.0	2.0
852	20150614	123435.721649	20105322.4639	1.0	2.0
849	20150615	123435.721649	20105322.4639	1.0	2.0
805	20150616	123435.721649	20105322.4639	1.0	2.0
823	20150617	123435.721649	20105322.4639	1.0	2.0
991	20150618	123435.721649	20105322.4639	1.0	2.0
936	20150619	123435.721649	20105322.4639	1.0	2.0
658	20150620	123435.721649	20105322.4639	1.0	2.0
747	20150621	123435.721649	20105322.4639	1.0	2.0
857	20150622	123435.721649	20105322.4639	1.0	2.0
862	20150623	123435.721649	20105322.4639	1.0	2.0
992	20150624	123435.721649	20105322.4639	1.0	2.0
998	20150625	123435.721649	20105322.4639	1.0	2.0
923	20150626	123435.721649	20105322.4639	1.0	2.0
846	20150627	123435.721649	20105322.4639	1.0	2.0
852	20150628	123435.721649	20105322.4639	1.0	2.0
800	20150629	123435.721649	20105322.4639	1.0	2.0
852	20150630	123435.721649	20105322.4639	1.0	2.0
883	20150701	123435.721649	20105322.4639	1.0	2.0
905	20150702	123435.721649	20105322.4639	1.0	2.0
924	20150703	123435.721649	20105322.4639	1.0	2.0
932	20150704	123435.721649	20105322.4639	1.0	2.0
849	20150705	123435.721649	20105322.4639	1.0	2.0
936	20150706	123435.721649	20105322.4639	1.0	2.0
1031	20150707	123435.721649	20105322.4639	1.0	2.0
983	20150708	123435.721649	20105322.4639	1.0	2.0
908	20150709	123435.721649	20105322.4639	1.0	2.0
898	20150710	123435.721649	20105322.4639	1.0	2.0
909	20150711	123435.721649	20105322.4639	1.0	2.0
878	20150712	123435.721649	20105322.4639	1.0	2.0
866	20150713	123435.721649	20105322.4639	1.0	2.0
843	20150714	123435.721649	20105322.4639	1.0	2.0
795	20150715	123435.721649	20105322.4639	1.0	2.0
844	20150716	123435.721649	20105322.4639	1.0	2.0
757	20150717	123435.721649	20105322.4639	1.0	2.0
668	20150718	123435.721649	20105322.4639	1.0	2.0
813	20150719	123435.721649	20105322.4639	1.0	2.0
998	20150720	123435.721649	20105322.4639	1.0	2.0
1024	20150721	123435.721649	20105322.4639	1.0	2.0
1008	20150722	123435.721649	20105322.4639	1.0	2.0
904	20150723	123435.721649	20105322.4639	1.0	2.0
975	20150724	123435.721649	20105322.4639	1.0	2.0
773	20150725	123435.721649	20105322.4639	1.0	2.0
947	20150726	123435.721649	20105322.4639	1.0	2.0
825	20150727	123435.721649	20105322.4639	1.0	2.0
788	20150728	123435.721649	20105322.4639	1.0	2.0
830	20150729	123435.721649	20105322.4639	1.0	2.0
760	20150730	123435.721649	20105322.4639	1.0	2.0
722	20150731	123435.721649	20105322.4639	1.0	2.0
741	20150801	123435.721649	20105322.4639	1.0	2.0
719	20150802	123435.721649	20105322.4639	1.0	2.0
723	20150803	123435.721649	20105322.4639	1.0	2.0
751	20150804	123435.721649	20105322.4639	1.0	2.0
912	20150805	123435.721649	20105322.4639	1.0	2.0
924	20150806	123435.721649	20105322.4639	1.0	2.0
896	20150807	123435.721649	20105322.4639	1.0	2.0
788	20150808	123435.721649	20105322.4639	1.0	2.0
882	20150809	123435.721649	20105322.4639	1.0	2.0
874	20150810	123435.721649	20105322.4639	1.0	2.0
962	20150811	123435.721649	20105322.4639	1.0	2.0
857	20150812	123435.721649	20105322.4639	1.0	2.0
834	20150813	123435.721649	20105322.4639	1.0	2.0
915	20150814	123435.721649	20105322.4639	1.0	2.0
936	20150815	123435.721649	20105322.4639	1.0	2.0
926	20150816	123435.721649	20105322.4639	1.0	2.0
865	20150817	123435.721649	20105322.4639	1.0	2.0
855	20150818	123435.721649	20105322.4639	1.0	2.0
936	20150819	123435.721649	20105322.4639	1.0	2.0
848	20150820	123435.721649	20105322.4639	1.0	2.0
914	20150821	123435.721649	20105322.4639	1.0	2.0
758	20150822	123435.721649	20105322.4639	1.0	2.0
983	20150823	123435.721649	20105322.4639	1.0	2.0
783	20150824	123435.721649	20105322.4639	1.0	2.0
886	20150825	123435.721649	20105322.4639	1.0	2.0
873	20150826	123435.721649	20105322.4639	1.0	2.0
866	20150827	123435.721649	20105322.4639	1.0	2.0
774	20150828	123435.721649	20105322.4639	1.0	2.0
749	20150829	123435.721649	20105322.4639	1.0	2.0
726	20150830	123435.721649	20105322.4639	1.0	2.0
