81	20150301	12985.25	20138292.1548	2.0	3.0
104	20150302	12985.25	20138292.1548	2.0	3.0
143	20150303	12985.25	20138292.1548	2.0	3.0
169	20150304	12985.25	20138292.1548	2.0	3.0
151	20150305	12985.25	20138292.1548	2.0	3.0
184	20150306	12985.25	20138292.1548	2.0	3.0
116	20150307	12985.25	20138292.1548	2.0	3.0
158	20150308	12985.25	20138292.1548	2.0	3.0
155	20150309	12985.25	20138292.1548	2.0	3.0
148	20150310	12985.25	20138292.1548	2.0	3.0
98	20150311	12985.25	20138292.1548	2.0	3.0
161	20150312	12985.25	20138292.1548	2.0	3.0
296	20150313	12985.25	20138292.1548	2.0	3.0
103	20150314	12985.25	20138292.1548	2.0	3.0
152	20150315	12985.25	20138292.1548	2.0	3.0
65	20150316	12985.25	20138292.1548	2.0	3.0
200	20150317	12985.25	20138292.1548	2.0	3.0
200	20150318	12985.25	20138292.1548	2.0	3.0
99	20150319	12985.25	20138292.1548	2.0	3.0
134	20150320	12985.25	20138292.1548	2.0	3.0
111	20150321	12985.25	20138292.1548	2.0	3.0
101	20150322	12985.25	20138292.1548	2.0	3.0
89	20150323	12985.25	20138292.1548	2.0	3.0
76	20150324	12985.25	20138292.1548	2.0	3.0
84	20150325	12985.25	20138292.1548	2.0	3.0
117	20150326	12985.25	20138292.1548	2.0	3.0
123	20150327	12985.25	20138292.1548	2.0	3.0
102	20150328	12985.25	20138292.1548	2.0	3.0
121	20150329	12985.25	20138292.1548	2.0	3.0
111	20150330	12985.25	20138292.1548	2.0	3.0
116	20150331	12985.25	20138292.1548	2.0	3.0
108	20150401	12985.25	20138292.1548	2.0	3.0
97	20150402	12985.25	20138292.1548	2.0	3.0
66	20150403	12985.25	20138292.1548	2.0	3.0
100	20150404	12985.25	20138292.1548	2.0	3.0
91	20150405	12985.25	20138292.1548	2.0	3.0
81	20150406	12985.25	20138292.1548	2.0	3.0
129	20150407	12985.25	20138292.1548	2.0	3.0
93	20150408	12985.25	20138292.1548	2.0	3.0
84	20150409	12985.25	20138292.1548	2.0	3.0
66	20150410	12985.25	20138292.1548	2.0	3.0
120	20150411	12985.25	20138292.1548	2.0	3.0
122	20150412	12985.25	20138292.1548	2.0	3.0
103	20150413	12985.25	20138292.1548	2.0	3.0
95	20150414	12985.25	20138292.1548	2.0	3.0
80	20150415	12985.25	20138292.1548	2.0	3.0
68	20150416	12985.25	20138292.1548	2.0	3.0
91	20150417	12985.25	20138292.1548	2.0	3.0
84	20150418	12985.25	20138292.1548	2.0	3.0
98	20150419	12985.25	20138292.1548	2.0	3.0
81	20150420	12985.25	20138292.1548	2.0	3.0
64	20150421	12985.25	20138292.1548	2.0	3.0
79	20150422	12985.25	20138292.1548	2.0	3.0
84	20150423	12985.25	20138292.1548	2.0	3.0
158	20150424	12985.25	20138292.1548	2.0	3.0
99	20150425	12985.25	20138292.1548	2.0	3.0
154	20150426	12985.25	20138292.1548	2.0	3.0
77	20150427	12985.25	20138292.1548	2.0	3.0
57	20150428	12985.25	20138292.1548	2.0	3.0
68	20150429	12985.25	20138292.1548	2.0	3.0
155	20150430	12985.25	20138292.1548	2.0	3.0
126	20150501	12985.25	20138292.1548	2.0	3.0
219	20150502	12985.25	20138292.1548	2.0	3.0
129	20150503	12985.25	20138292.1548	2.0	3.0
99	20150504	12985.25	20138292.1548	2.0	3.0
98	20150505	12985.25	20138292.1548	2.0	3.0
105	20150506	12985.25	20138292.1548	2.0	3.0
105	20150507	12985.25	20138292.1548	2.0	3.0
140	20150508	12985.25	20138292.1548	2.0	3.0
161	20150509	12985.25	20138292.1548	2.0	3.0
133	20150510	12985.25	20138292.1548	2.0	3.0
150	20150511	12985.25	20138292.1548	2.0	3.0
130	20150512	12985.25	20138292.1548	2.0	3.0
167	20150513	12985.25	20138292.1548	2.0	3.0
103	20150514	12985.25	20138292.1548	2.0	3.0
88	20150515	12985.25	20138292.1548	2.0	3.0
136	20150516	12985.25	20138292.1548	2.0	3.0
131	20150517	12985.25	20138292.1548	2.0	3.0
147	20150518	12985.25	20138292.1548	2.0	3.0
123	20150519	12985.25	20138292.1548	2.0	3.0
99	20150520	12985.25	20138292.1548	2.0	3.0
85	20150521	12985.25	20138292.1548	2.0	3.0
71	20150522	12985.25	20138292.1548	2.0	3.0
97	20150523	12985.25	20138292.1548	2.0	3.0
143	20150524	12985.25	20138292.1548	2.0	3.0
134	20150525	12985.25	20138292.1548	2.0	3.0
78	20150526	12985.25	20138292.1548	2.0	3.0
113	20150527	12985.25	20138292.1548	2.0	3.0
87	20150528	12985.25	20138292.1548	2.0	3.0
69	20150529	12985.25	20138292.1548	2.0	3.0
129	20150530	12985.25	20138292.1548	2.0	3.0
178	20150531	12985.25	20138292.1548	2.0	3.0
175	20150601	12985.25	20138292.1548	2.0	3.0
122	20150602	12985.25	20138292.1548	2.0	3.0
141	20150603	12985.25	20138292.1548	2.0	3.0
95	20150604	12985.25	20138292.1548	2.0	3.0
114	20150605	12985.25	20138292.1548	2.0	3.0
137	20150606	12985.25	20138292.1548	2.0	3.0
86	20150607	12985.25	20138292.1548	2.0	3.0
123	20150608	12985.25	20138292.1548	2.0	3.0
81	20150609	12985.25	20138292.1548	2.0	3.0
88	20150610	12985.25	20138292.1548	2.0	3.0
96	20150611	12985.25	20138292.1548	2.0	3.0
105	20150612	12985.25	20138292.1548	2.0	3.0
73	20150613	12985.25	20138292.1548	2.0	3.0
150	20150614	12985.25	20138292.1548	2.0	3.0
86	20150615	12985.25	20138292.1548	2.0	3.0
63	20150616	12985.25	20138292.1548	2.0	3.0
93	20150617	12985.25	20138292.1548	2.0	3.0
118	20150618	12985.25	20138292.1548	2.0	3.0
111	20150619	12985.25	20138292.1548	2.0	3.0
186	20150620	12985.25	20138292.1548	2.0	3.0
107	20150621	12985.25	20138292.1548	2.0	3.0
183	20150622	12985.25	20138292.1548	2.0	3.0
99	20150623	12985.25	20138292.1548	2.0	3.0
104	20150624	12985.25	20138292.1548	2.0	3.0
94	20150625	12985.25	20138292.1548	2.0	3.0
118	20150626	12985.25	20138292.1548	2.0	3.0
102	20150627	12985.25	20138292.1548	2.0	3.0
115	20150628	12985.25	20138292.1548	2.0	3.0
132	20150629	12985.25	20138292.1548	2.0	3.0
115	20150630	12985.25	20138292.1548	2.0	3.0
127	20150701	12985.25	20138292.1548	2.0	3.0
130	20150702	12985.25	20138292.1548	2.0	3.0
161	20150703	12985.25	20138292.1548	2.0	3.0
53	20150704	12985.25	20138292.1548	2.0	3.0
60	20150705	12985.25	20138292.1548	2.0	3.0
99	20150706	12985.25	20138292.1548	2.0	3.0
132	20150707	12985.25	20138292.1548	2.0	3.0
118	20150708	12985.25	20138292.1548	2.0	3.0
115	20150709	12985.25	20138292.1548	2.0	3.0
147	20150710	12985.25	20138292.1548	2.0	3.0
116	20150711	12985.25	20138292.1548	2.0	3.0
106	20150712	12985.25	20138292.1548	2.0	3.0
156	20150713	12985.25	20138292.1548	2.0	3.0
182	20150714	12985.25	20138292.1548	2.0	3.0
117	20150715	12985.25	20138292.1548	2.0	3.0
75	20150716	12985.25	20138292.1548	2.0	3.0
78	20150717	12985.25	20138292.1548	2.0	3.0
66	20150718	12985.25	20138292.1548	2.0	3.0
65	20150719	12985.25	20138292.1548	2.0	3.0
100	20150720	12985.25	20138292.1548	2.0	3.0
73	20150721	12985.25	20138292.1548	2.0	3.0
104	20150722	12985.25	20138292.1548	2.0	3.0
85	20150723	12985.25	20138292.1548	2.0	3.0
93	20150724	12985.25	20138292.1548	2.0	3.0
83	20150725	12985.25	20138292.1548	2.0	3.0
67	20150726	12985.25	20138292.1548	2.0	3.0
114	20150727	12985.25	20138292.1548	2.0	3.0
140	20150728	12985.25	20138292.1548	2.0	3.0
85	20150729	12985.25	20138292.1548	2.0	3.0
105	20150730	12985.25	20138292.1548	2.0	3.0
59	20150731	12985.25	20138292.1548	2.0	3.0
72	20150801	12985.25	20138292.1548	2.0	3.0
63	20150802	12985.25	20138292.1548	2.0	3.0
102	20150803	12985.25	20138292.1548	2.0	3.0
64	20150804	12985.25	20138292.1548	2.0	3.0
78	20150805	12985.25	20138292.1548	2.0	3.0
189	20150806	12985.25	20138292.1548	2.0	3.0
165	20150807	12985.25	20138292.1548	2.0	3.0
97	20150808	12985.25	20138292.1548	2.0	3.0
164	20150809	12985.25	20138292.1548	2.0	3.0
198	20150810	12985.25	20138292.1548	2.0	3.0
149	20150811	12985.25	20138292.1548	2.0	3.0
200	20150812	12985.25	20138292.1548	2.0	3.0
173	20150813	12985.25	20138292.1548	2.0	3.0
287	20150814	12985.25	20138292.1548	2.0	3.0
228	20150815	12985.25	20138292.1548	2.0	3.0
102	20150816	12985.25	20138292.1548	2.0	3.0
113	20150817	12985.25	20138292.1548	2.0	3.0
112	20150818	12985.25	20138292.1548	2.0	3.0
106	20150819	12985.25	20138292.1548	2.0	3.0
109	20150820	12985.25	20138292.1548	2.0	3.0
144	20150821	12985.25	20138292.1548	2.0	3.0
130	20150822	12985.25	20138292.1548	2.0	3.0
111	20150823	12985.25	20138292.1548	2.0	3.0
164	20150824	12985.25	20138292.1548	2.0	3.0
135	20150825	12985.25	20138292.1548	2.0	3.0
118	20150826	12985.25	20138292.1548	2.0	3.0
130	20150827	12985.25	20138292.1548	2.0	3.0
163	20150828	12985.25	20138292.1548	2.0	3.0
192	20150829	12985.25	20138292.1548	2.0	3.0
144	20150830	12985.25	20138292.1548	2.0	3.0
