584	20150301	790977.363636	20138314.4545	0.909090909091	2.0
477	20150302	790977.363636	20138314.4545	0.909090909091	2.0
469	20150303	790977.363636	20138314.4545	0.909090909091	2.0
545	20150304	790977.363636	20138314.4545	0.909090909091	2.0
644	20150305	790977.363636	20138314.4545	0.909090909091	2.0
679	20150306	790977.363636	20138314.4545	0.909090909091	2.0
625	20150307	790977.363636	20138314.4545	0.909090909091	2.0
718	20150308	790977.363636	20138314.4545	0.909090909091	2.0
779	20150309	790977.363636	20138314.4545	0.909090909091	2.0
676	20150310	790977.363636	20138314.4545	0.909090909091	2.0
737	20150311	790977.363636	20138314.4545	0.909090909091	2.0
794	20150312	790977.363636	20138314.4545	0.909090909091	2.0
960	20150313	790977.363636	20138314.4545	0.909090909091	2.0
932	20150314	790977.363636	20138314.4545	0.909090909091	2.0
552	20150315	790977.363636	20138314.4545	0.909090909091	2.0
747	20150316	790977.363636	20138314.4545	0.909090909091	2.0
563	20150317	790977.363636	20138314.4545	0.909090909091	2.0
736	20150318	790977.363636	20138314.4545	0.909090909091	2.0
848	20150319	790977.363636	20138314.4545	0.909090909091	2.0
829	20150320	790977.363636	20138314.4545	0.909090909091	2.0
1048	20150321	790977.363636	20138314.4545	0.909090909091	2.0
980	20150322	790977.363636	20138314.4545	0.909090909091	2.0
875	20150323	790977.363636	20138314.4545	0.909090909091	2.0
836	20150324	790977.363636	20138314.4545	0.909090909091	2.0
941	20150325	790977.363636	20138314.4545	0.909090909091	2.0
851	20150326	790977.363636	20138314.4545	0.909090909091	2.0
805	20150327	790977.363636	20138314.4545	0.909090909091	2.0
731	20150328	790977.363636	20138314.4545	0.909090909091	2.0
912	20150329	790977.363636	20138314.4545	0.909090909091	2.0
868	20150330	790977.363636	20138314.4545	0.909090909091	2.0
1083	20150331	790977.363636	20138314.4545	0.909090909091	2.0
958	20150401	790977.363636	20138314.4545	0.909090909091	2.0
939	20150402	790977.363636	20138314.4545	0.909090909091	2.0
1106	20150403	790977.363636	20138314.4545	0.909090909091	2.0
1155	20150404	790977.363636	20138314.4545	0.909090909091	2.0
961	20150405	790977.363636	20138314.4545	0.909090909091	2.0
933	20150406	790977.363636	20138314.4545	0.909090909091	2.0
860	20150407	790977.363636	20138314.4545	0.909090909091	2.0
909	20150408	790977.363636	20138314.4545	0.909090909091	2.0
928	20150409	790977.363636	20138314.4545	0.909090909091	2.0
1020	20150410	790977.363636	20138314.4545	0.909090909091	2.0
1019	20150411	790977.363636	20138314.4545	0.909090909091	2.0
975	20150412	790977.363636	20138314.4545	0.909090909091	2.0
962	20150413	790977.363636	20138314.4545	0.909090909091	2.0
1064	20150414	790977.363636	20138314.4545	0.909090909091	2.0
967	20150415	790977.363636	20138314.4545	0.909090909091	2.0
1081	20150416	790977.363636	20138314.4545	0.909090909091	2.0
1030	20150417	790977.363636	20138314.4545	0.909090909091	2.0
928	20150418	790977.363636	20138314.4545	0.909090909091	2.0
1220	20150419	790977.363636	20138314.4545	0.909090909091	2.0
964	20150420	790977.363636	20138314.4545	0.909090909091	2.0
1028	20150421	790977.363636	20138314.4545	0.909090909091	2.0
961	20150422	790977.363636	20138314.4545	0.909090909091	2.0
1037	20150423	790977.363636	20138314.4545	0.909090909091	2.0
977	20150424	790977.363636	20138314.4545	0.909090909091	2.0
812	20150425	790977.363636	20138314.4545	0.909090909091	2.0
1020	20150426	790977.363636	20138314.4545	0.909090909091	2.0
1030	20150427	790977.363636	20138314.4545	0.909090909091	2.0
988	20150428	790977.363636	20138314.4545	0.909090909091	2.0
834	20150429	790977.363636	20138314.4545	0.909090909091	2.0
1083	20150430	790977.363636	20138314.4545	0.909090909091	2.0
840	20150501	790977.363636	20138314.4545	0.909090909091	2.0
1004	20150502	790977.363636	20138314.4545	0.909090909091	2.0
1354	20150503	790977.363636	20138314.4545	0.909090909091	2.0
1230	20150504	790977.363636	20138314.4545	0.909090909091	2.0
994	20150505	790977.363636	20138314.4545	0.909090909091	2.0
1358	20150506	790977.363636	20138314.4545	0.909090909091	2.0
1462	20150507	790977.363636	20138314.4545	0.909090909091	2.0
1081	20150508	790977.363636	20138314.4545	0.909090909091	2.0
1141	20150509	790977.363636	20138314.4545	0.909090909091	2.0
863	20150510	790977.363636	20138314.4545	0.909090909091	2.0
881	20150511	790977.363636	20138314.4545	0.909090909091	2.0
1192	20150512	790977.363636	20138314.4545	0.909090909091	2.0
1115	20150513	790977.363636	20138314.4545	0.909090909091	2.0
1111	20150514	790977.363636	20138314.4545	0.909090909091	2.0
970	20150515	790977.363636	20138314.4545	0.909090909091	2.0
766	20150516	790977.363636	20138314.4545	0.909090909091	2.0
1164	20150517	790977.363636	20138314.4545	0.909090909091	2.0
920	20150518	790977.363636	20138314.4545	0.909090909091	2.0
1058	20150519	790977.363636	20138314.4545	0.909090909091	2.0
912	20150520	790977.363636	20138314.4545	0.909090909091	2.0
1183	20150521	790977.363636	20138314.4545	0.909090909091	2.0
1249	20150522	790977.363636	20138314.4545	0.909090909091	2.0
1184	20150523	790977.363636	20138314.4545	0.909090909091	2.0
1073	20150524	790977.363636	20138314.4545	0.909090909091	2.0
1233	20150525	790977.363636	20138314.4545	0.909090909091	2.0
1300	20150526	790977.363636	20138314.4545	0.909090909091	2.0
1154	20150527	790977.363636	20138314.4545	0.909090909091	2.0
1266	20150528	790977.363636	20138314.4545	0.909090909091	2.0
992	20150529	790977.363636	20138314.4545	0.909090909091	2.0
840	20150530	790977.363636	20138314.4545	0.909090909091	2.0
1005	20150531	790977.363636	20138314.4545	0.909090909091	2.0
1211	20150601	790977.363636	20138314.4545	0.909090909091	2.0
1038	20150602	790977.363636	20138314.4545	0.909090909091	2.0
1169	20150603	790977.363636	20138314.4545	0.909090909091	2.0
980	20150604	790977.363636	20138314.4545	0.909090909091	2.0
1028	20150605	790977.363636	20138314.4545	0.909090909091	2.0
963	20150606	790977.363636	20138314.4545	0.909090909091	2.0
928	20150607	790977.363636	20138314.4545	0.909090909091	2.0
996	20150608	790977.363636	20138314.4545	0.909090909091	2.0
965	20150609	790977.363636	20138314.4545	0.909090909091	2.0
1023	20150610	790977.363636	20138314.4545	0.909090909091	2.0
1133	20150611	790977.363636	20138314.4545	0.909090909091	2.0
1097	20150612	790977.363636	20138314.4545	0.909090909091	2.0
719	20150613	790977.363636	20138314.4545	0.909090909091	2.0
910	20150614	790977.363636	20138314.4545	0.909090909091	2.0
1117	20150615	790977.363636	20138314.4545	0.909090909091	2.0
845	20150616	790977.363636	20138314.4545	0.909090909091	2.0
807	20150617	790977.363636	20138314.4545	0.909090909091	2.0
782	20150618	790977.363636	20138314.4545	0.909090909091	2.0
924	20150619	790977.363636	20138314.4545	0.909090909091	2.0
739	20150620	790977.363636	20138314.4545	0.909090909091	2.0
825	20150621	790977.363636	20138314.4545	0.909090909091	2.0
1031	20150622	790977.363636	20138314.4545	0.909090909091	2.0
809	20150623	790977.363636	20138314.4545	0.909090909091	2.0
843	20150624	790977.363636	20138314.4545	0.909090909091	2.0
950	20150625	790977.363636	20138314.4545	0.909090909091	2.0
959	20150626	790977.363636	20138314.4545	0.909090909091	2.0
820	20150627	790977.363636	20138314.4545	0.909090909091	2.0
752	20150628	790977.363636	20138314.4545	0.909090909091	2.0
783	20150629	790977.363636	20138314.4545	0.909090909091	2.0
874	20150630	790977.363636	20138314.4545	0.909090909091	2.0
809	20150701	790977.363636	20138314.4545	0.909090909091	2.0
852	20150702	790977.363636	20138314.4545	0.909090909091	2.0
790	20150703	790977.363636	20138314.4545	0.909090909091	2.0
970	20150704	790977.363636	20138314.4545	0.909090909091	2.0
822	20150705	790977.363636	20138314.4545	0.909090909091	2.0
920	20150706	790977.363636	20138314.4545	0.909090909091	2.0
847	20150707	790977.363636	20138314.4545	0.909090909091	2.0
844	20150708	790977.363636	20138314.4545	0.909090909091	2.0
1603	20150709	790977.363636	20138314.4545	0.909090909091	2.0
1713	20150710	790977.363636	20138314.4545	0.909090909091	2.0
1550	20150711	790977.363636	20138314.4545	0.909090909091	2.0
1431	20150712	790977.363636	20138314.4545	0.909090909091	2.0
1660	20150713	790977.363636	20138314.4545	0.909090909091	2.0
1456	20150714	790977.363636	20138314.4545	0.909090909091	2.0
1151	20150715	790977.363636	20138314.4545	0.909090909091	2.0
1053	20150716	790977.363636	20138314.4545	0.909090909091	2.0
1068	20150717	790977.363636	20138314.4545	0.909090909091	2.0
896	20150718	790977.363636	20138314.4545	0.909090909091	2.0
863	20150719	790977.363636	20138314.4545	0.909090909091	2.0
987	20150720	790977.363636	20138314.4545	0.909090909091	2.0
840	20150721	790977.363636	20138314.4545	0.909090909091	2.0
974	20150722	790977.363636	20138314.4545	0.909090909091	2.0
859	20150723	790977.363636	20138314.4545	0.909090909091	2.0
1169	20150724	790977.363636	20138314.4545	0.909090909091	2.0
4501	20150725	790977.363636	20138314.4545	0.909090909091	2.0
5403	20150726	790977.363636	20138314.4545	0.909090909091	2.0
5425	20150727	790977.363636	20138314.4545	0.909090909091	2.0
5025	20150728	790977.363636	20138314.4545	0.909090909091	2.0
4854	20150729	790977.363636	20138314.4545	0.909090909091	2.0
4143	20150730	790977.363636	20138314.4545	0.909090909091	2.0
4132	20150731	790977.363636	20138314.4545	0.909090909091	2.0
4127	20150801	790977.363636	20138314.4545	0.909090909091	2.0
3684	20150802	790977.363636	20138314.4545	0.909090909091	2.0
5366	20150803	790977.363636	20138314.4545	0.909090909091	2.0
4675	20150804	790977.363636	20138314.4545	0.909090909091	2.0
4603	20150805	790977.363636	20138314.4545	0.909090909091	2.0
4266	20150806	790977.363636	20138314.4545	0.909090909091	2.0
4199	20150807	790977.363636	20138314.4545	0.909090909091	2.0
3569	20150808	790977.363636	20138314.4545	0.909090909091	2.0
3618	20150809	790977.363636	20138314.4545	0.909090909091	2.0
3478	20150810	790977.363636	20138314.4545	0.909090909091	2.0
3361	20150811	790977.363636	20138314.4545	0.909090909091	2.0
3500	20150812	790977.363636	20138314.4545	0.909090909091	2.0
3590	20150813	790977.363636	20138314.4545	0.909090909091	2.0
3238	20150814	790977.363636	20138314.4545	0.909090909091	2.0
2609	20150815	790977.363636	20138314.4545	0.909090909091	2.0
2443	20150816	790977.363636	20138314.4545	0.909090909091	2.0
3267	20150817	790977.363636	20138314.4545	0.909090909091	2.0
2656	20150818	790977.363636	20138314.4545	0.909090909091	2.0
2629	20150819	790977.363636	20138314.4545	0.909090909091	2.0
2452	20150820	790977.363636	20138314.4545	0.909090909091	2.0
2580	20150821	790977.363636	20138314.4545	0.909090909091	2.0
2199	20150822	790977.363636	20138314.4545	0.909090909091	2.0
2196	20150823	790977.363636	20138314.4545	0.909090909091	2.0
2493	20150824	790977.363636	20138314.4545	0.909090909091	2.0
2346	20150825	790977.363636	20138314.4545	0.909090909091	2.0
2368	20150826	790977.363636	20138314.4545	0.909090909091	2.0
2248	20150827	790977.363636	20138314.4545	0.909090909091	2.0
2276	20150828	790977.363636	20138314.4545	0.909090909091	2.0
2647	20150829	790977.363636	20138314.4545	0.909090909091	2.0
2338	20150830	790977.363636	20138314.4545	0.909090909091	2.0
