279	20150301	24929.0592105	20135353.9474	3.0	3.0
455	20150302	24929.0592105	20135353.9474	3.0	3.0
773	20150303	24929.0592105	20135353.9474	3.0	3.0
936	20150304	24929.0592105	20135353.9474	3.0	3.0
779	20150305	24929.0592105	20135353.9474	3.0	3.0
846	20150306	24929.0592105	20135353.9474	3.0	3.0
631	20150307	24929.0592105	20135353.9474	3.0	3.0
526	20150308	24929.0592105	20135353.9474	3.0	3.0
701	20150309	24929.0592105	20135353.9474	3.0	3.0
649	20150310	24929.0592105	20135353.9474	3.0	3.0
814	20150311	24929.0592105	20135353.9474	3.0	3.0
1028	20150312	24929.0592105	20135353.9474	3.0	3.0
957	20150313	24929.0592105	20135353.9474	3.0	3.0
829	20150314	24929.0592105	20135353.9474	3.0	3.0
1023	20150315	24929.0592105	20135353.9474	3.0	3.0
1009	20150316	24929.0592105	20135353.9474	3.0	3.0
846	20150317	24929.0592105	20135353.9474	3.0	3.0
630	20150318	24929.0592105	20135353.9474	3.0	3.0
806	20150319	24929.0592105	20135353.9474	3.0	3.0
790	20150320	24929.0592105	20135353.9474	3.0	3.0
852	20150321	24929.0592105	20135353.9474	3.0	3.0
810	20150322	24929.0592105	20135353.9474	3.0	3.0
937	20150323	24929.0592105	20135353.9474	3.0	3.0
635	20150324	24929.0592105	20135353.9474	3.0	3.0
757	20150325	24929.0592105	20135353.9474	3.0	3.0
862	20150326	24929.0592105	20135353.9474	3.0	3.0
635	20150327	24929.0592105	20135353.9474	3.0	3.0
627	20150328	24929.0592105	20135353.9474	3.0	3.0
804	20150329	24929.0592105	20135353.9474	3.0	3.0
703	20150330	24929.0592105	20135353.9474	3.0	3.0
632	20150331	24929.0592105	20135353.9474	3.0	3.0
977	20150401	24929.0592105	20135353.9474	3.0	3.0
1094	20150402	24929.0592105	20135353.9474	3.0	3.0
957	20150403	24929.0592105	20135353.9474	3.0	3.0
524	20150404	24929.0592105	20135353.9474	3.0	3.0
754	20150405	24929.0592105	20135353.9474	3.0	3.0
562	20150406	24929.0592105	20135353.9474	3.0	3.0
910	20150407	24929.0592105	20135353.9474	3.0	3.0
906	20150408	24929.0592105	20135353.9474	3.0	3.0
989	20150409	24929.0592105	20135353.9474	3.0	3.0
797	20150410	24929.0592105	20135353.9474	3.0	3.0
736	20150411	24929.0592105	20135353.9474	3.0	3.0
728	20150412	24929.0592105	20135353.9474	3.0	3.0
613	20150413	24929.0592105	20135353.9474	3.0	3.0
812	20150414	24929.0592105	20135353.9474	3.0	3.0
758	20150415	24929.0592105	20135353.9474	3.0	3.0
836	20150416	24929.0592105	20135353.9474	3.0	3.0
856	20150417	24929.0592105	20135353.9474	3.0	3.0
817	20150418	24929.0592105	20135353.9474	3.0	3.0
685	20150419	24929.0592105	20135353.9474	3.0	3.0
847	20150420	24929.0592105	20135353.9474	3.0	3.0
905	20150421	24929.0592105	20135353.9474	3.0	3.0
956	20150422	24929.0592105	20135353.9474	3.0	3.0
824	20150423	24929.0592105	20135353.9474	3.0	3.0
694	20150424	24929.0592105	20135353.9474	3.0	3.0
744	20150425	24929.0592105	20135353.9474	3.0	3.0
622	20150426	24929.0592105	20135353.9474	3.0	3.0
787	20150427	24929.0592105	20135353.9474	3.0	3.0
634	20150428	24929.0592105	20135353.9474	3.0	3.0
578	20150429	24929.0592105	20135353.9474	3.0	3.0
653	20150430	24929.0592105	20135353.9474	3.0	3.0
599	20150501	24929.0592105	20135353.9474	3.0	3.0
509	20150502	24929.0592105	20135353.9474	3.0	3.0
604	20150503	24929.0592105	20135353.9474	3.0	3.0
523	20150504	24929.0592105	20135353.9474	3.0	3.0
534	20150505	24929.0592105	20135353.9474	3.0	3.0
548	20150506	24929.0592105	20135353.9474	3.0	3.0
582	20150507	24929.0592105	20135353.9474	3.0	3.0
638	20150508	24929.0592105	20135353.9474	3.0	3.0
515	20150509	24929.0592105	20135353.9474	3.0	3.0
515	20150510	24929.0592105	20135353.9474	3.0	3.0
564	20150511	24929.0592105	20135353.9474	3.0	3.0
642	20150512	24929.0592105	20135353.9474	3.0	3.0
595	20150513	24929.0592105	20135353.9474	3.0	3.0
553	20150514	24929.0592105	20135353.9474	3.0	3.0
624	20150515	24929.0592105	20135353.9474	3.0	3.0
349	20150516	24929.0592105	20135353.9474	3.0	3.0
404	20150517	24929.0592105	20135353.9474	3.0	3.0
517	20150518	24929.0592105	20135353.9474	3.0	3.0
525	20150519	24929.0592105	20135353.9474	3.0	3.0
518	20150520	24929.0592105	20135353.9474	3.0	3.0
548	20150521	24929.0592105	20135353.9474	3.0	3.0
698	20150522	24929.0592105	20135353.9474	3.0	3.0
404	20150523	24929.0592105	20135353.9474	3.0	3.0
307	20150524	24929.0592105	20135353.9474	3.0	3.0
579	20150525	24929.0592105	20135353.9474	3.0	3.0
479	20150526	24929.0592105	20135353.9474	3.0	3.0
362	20150527	24929.0592105	20135353.9474	3.0	3.0
440	20150528	24929.0592105	20135353.9474	3.0	3.0
443	20150529	24929.0592105	20135353.9474	3.0	3.0
410	20150530	24929.0592105	20135353.9474	3.0	3.0
396	20150531	24929.0592105	20135353.9474	3.0	3.0
405	20150601	24929.0592105	20135353.9474	3.0	3.0
380	20150602	24929.0592105	20135353.9474	3.0	3.0
418	20150603	24929.0592105	20135353.9474	3.0	3.0
474	20150604	24929.0592105	20135353.9474	3.0	3.0
482	20150605	24929.0592105	20135353.9474	3.0	3.0
457	20150606	24929.0592105	20135353.9474	3.0	3.0
347	20150607	24929.0592105	20135353.9474	3.0	3.0
486	20150608	24929.0592105	20135353.9474	3.0	3.0
489	20150609	24929.0592105	20135353.9474	3.0	3.0
413	20150610	24929.0592105	20135353.9474	3.0	3.0
399	20150611	24929.0592105	20135353.9474	3.0	3.0
391	20150612	24929.0592105	20135353.9474	3.0	3.0
286	20150613	24929.0592105	20135353.9474	3.0	3.0
267	20150614	24929.0592105	20135353.9474	3.0	3.0
428	20150615	24929.0592105	20135353.9474	3.0	3.0
364	20150616	24929.0592105	20135353.9474	3.0	3.0
475	20150617	24929.0592105	20135353.9474	3.0	3.0
452	20150618	24929.0592105	20135353.9474	3.0	3.0
404	20150619	24929.0592105	20135353.9474	3.0	3.0
264	20150620	24929.0592105	20135353.9474	3.0	3.0
239	20150621	24929.0592105	20135353.9474	3.0	3.0
336	20150622	24929.0592105	20135353.9474	3.0	3.0
373	20150623	24929.0592105	20135353.9474	3.0	3.0
269	20150624	24929.0592105	20135353.9474	3.0	3.0
275	20150625	24929.0592105	20135353.9474	3.0	3.0
330	20150626	24929.0592105	20135353.9474	3.0	3.0
305	20150627	24929.0592105	20135353.9474	3.0	3.0
297	20150628	24929.0592105	20135353.9474	3.0	3.0
263	20150629	24929.0592105	20135353.9474	3.0	3.0
335	20150630	24929.0592105	20135353.9474	3.0	3.0
309	20150701	24929.0592105	20135353.9474	3.0	3.0
379	20150702	24929.0592105	20135353.9474	3.0	3.0
348	20150703	24929.0592105	20135353.9474	3.0	3.0
263	20150704	24929.0592105	20135353.9474	3.0	3.0
326	20150705	24929.0592105	20135353.9474	3.0	3.0
389	20150706	24929.0592105	20135353.9474	3.0	3.0
359	20150707	24929.0592105	20135353.9474	3.0	3.0
324	20150708	24929.0592105	20135353.9474	3.0	3.0
359	20150709	24929.0592105	20135353.9474	3.0	3.0
440	20150710	24929.0592105	20135353.9474	3.0	3.0
354	20150711	24929.0592105	20135353.9474	3.0	3.0
296	20150712	24929.0592105	20135353.9474	3.0	3.0
325	20150713	24929.0592105	20135353.9474	3.0	3.0
282	20150714	24929.0592105	20135353.9474	3.0	3.0
344	20150715	24929.0592105	20135353.9474	3.0	3.0
269	20150716	24929.0592105	20135353.9474	3.0	3.0
395	20150717	24929.0592105	20135353.9474	3.0	3.0
252	20150718	24929.0592105	20135353.9474	3.0	3.0
277	20150719	24929.0592105	20135353.9474	3.0	3.0
405	20150720	24929.0592105	20135353.9474	3.0	3.0
382	20150721	24929.0592105	20135353.9474	3.0	3.0
250	20150722	24929.0592105	20135353.9474	3.0	3.0
334	20150723	24929.0592105	20135353.9474	3.0	3.0
426	20150724	24929.0592105	20135353.9474	3.0	3.0
263	20150725	24929.0592105	20135353.9474	3.0	3.0
226	20150726	24929.0592105	20135353.9474	3.0	3.0
267	20150727	24929.0592105	20135353.9474	3.0	3.0
254	20150728	24929.0592105	20135353.9474	3.0	3.0
284	20150729	24929.0592105	20135353.9474	3.0	3.0
326	20150730	24929.0592105	20135353.9474	3.0	3.0
297	20150731	24929.0592105	20135353.9474	3.0	3.0
291	20150801	24929.0592105	20135353.9474	3.0	3.0
290	20150802	24929.0592105	20135353.9474	3.0	3.0
234	20150803	24929.0592105	20135353.9474	3.0	3.0
341	20150804	24929.0592105	20135353.9474	3.0	3.0
316	20150805	24929.0592105	20135353.9474	3.0	3.0
283	20150806	24929.0592105	20135353.9474	3.0	3.0
285	20150807	24929.0592105	20135353.9474	3.0	3.0
218	20150808	24929.0592105	20135353.9474	3.0	3.0
320	20150809	24929.0592105	20135353.9474	3.0	3.0
297	20150810	24929.0592105	20135353.9474	3.0	3.0
283	20150811	24929.0592105	20135353.9474	3.0	3.0
272	20150812	24929.0592105	20135353.9474	3.0	3.0
297	20150813	24929.0592105	20135353.9474	3.0	3.0
316	20150814	24929.0592105	20135353.9474	3.0	3.0
408	20150815	24929.0592105	20135353.9474	3.0	3.0
204	20150816	24929.0592105	20135353.9474	3.0	3.0
318	20150817	24929.0592105	20135353.9474	3.0	3.0
422	20150818	24929.0592105	20135353.9474	3.0	3.0
256	20150819	24929.0592105	20135353.9474	3.0	3.0
239	20150820	24929.0592105	20135353.9474	3.0	3.0
235	20150821	24929.0592105	20135353.9474	3.0	3.0
199	20150822	24929.0592105	20135353.9474	3.0	3.0
155	20150823	24929.0592105	20135353.9474	3.0	3.0
262	20150824	24929.0592105	20135353.9474	3.0	3.0
265	20150825	24929.0592105	20135353.9474	3.0	3.0
263	20150826	24929.0592105	20135353.9474	3.0	3.0
357	20150827	24929.0592105	20135353.9474	3.0	3.0
249	20150828	24929.0592105	20135353.9474	3.0	3.0
246	20150829	24929.0592105	20135353.9474	3.0	3.0
217	20150830	24929.0592105	20135353.9474	3.0	3.0
