252	20150301	23420.8466667	20125244.7667	2.0	2.0
335	20150302	23420.8466667	20125244.7667	2.0	2.0
264	20150303	23420.8466667	20125244.7667	2.0	2.0
265	20150304	23420.8466667	20125244.7667	2.0	2.0
245	20150305	23420.8466667	20125244.7667	2.0	2.0
325	20150306	23420.8466667	20125244.7667	2.0	2.0
269	20150307	23420.8466667	20125244.7667	2.0	2.0
337	20150308	23420.8466667	20125244.7667	2.0	2.0
223	20150309	23420.8466667	20125244.7667	2.0	2.0
283	20150310	23420.8466667	20125244.7667	2.0	2.0
374	20150311	23420.8466667	20125244.7667	2.0	2.0
279	20150312	23420.8466667	20125244.7667	2.0	2.0
254	20150313	23420.8466667	20125244.7667	2.0	2.0
354	20150314	23420.8466667	20125244.7667	2.0	2.0
280	20150315	23420.8466667	20125244.7667	2.0	2.0
302	20150316	23420.8466667	20125244.7667	2.0	2.0
242	20150317	23420.8466667	20125244.7667	2.0	2.0
298	20150318	23420.8466667	20125244.7667	2.0	2.0
253	20150319	23420.8466667	20125244.7667	2.0	2.0
313	20150320	23420.8466667	20125244.7667	2.0	2.0
369	20150321	23420.8466667	20125244.7667	2.0	2.0
327	20150322	23420.8466667	20125244.7667	2.0	2.0
258	20150323	23420.8466667	20125244.7667	2.0	2.0
312	20150324	23420.8466667	20125244.7667	2.0	2.0
244	20150325	23420.8466667	20125244.7667	2.0	2.0
345	20150326	23420.8466667	20125244.7667	2.0	2.0
299	20150327	23420.8466667	20125244.7667	2.0	2.0
362	20150328	23420.8466667	20125244.7667	2.0	2.0
313	20150329	23420.8466667	20125244.7667	2.0	2.0
254	20150330	23420.8466667	20125244.7667	2.0	2.0
267	20150331	23420.8466667	20125244.7667	2.0	2.0
359	20150401	23420.8466667	20125244.7667	2.0	2.0
515	20150402	23420.8466667	20125244.7667	2.0	2.0
503	20150403	23420.8466667	20125244.7667	2.0	2.0
338	20150404	23420.8466667	20125244.7667	2.0	2.0
379	20150405	23420.8466667	20125244.7667	2.0	2.0
379	20150406	23420.8466667	20125244.7667	2.0	2.0
395	20150407	23420.8466667	20125244.7667	2.0	2.0
345	20150408	23420.8466667	20125244.7667	2.0	2.0
340	20150409	23420.8466667	20125244.7667	2.0	2.0
365	20150410	23420.8466667	20125244.7667	2.0	2.0
309	20150411	23420.8466667	20125244.7667	2.0	2.0
472	20150412	23420.8466667	20125244.7667	2.0	2.0
455	20150413	23420.8466667	20125244.7667	2.0	2.0
417	20150414	23420.8466667	20125244.7667	2.0	2.0
408	20150415	23420.8466667	20125244.7667	2.0	2.0
378	20150416	23420.8466667	20125244.7667	2.0	2.0
436	20150417	23420.8466667	20125244.7667	2.0	2.0
550	20150418	23420.8466667	20125244.7667	2.0	2.0
389	20150419	23420.8466667	20125244.7667	2.0	2.0
331	20150420	23420.8466667	20125244.7667	2.0	2.0
381	20150421	23420.8466667	20125244.7667	2.0	2.0
362	20150422	23420.8466667	20125244.7667	2.0	2.0
487	20150423	23420.8466667	20125244.7667	2.0	2.0
391	20150424	23420.8466667	20125244.7667	2.0	2.0
409	20150425	23420.8466667	20125244.7667	2.0	2.0
429	20150426	23420.8466667	20125244.7667	2.0	2.0
405	20150427	23420.8466667	20125244.7667	2.0	2.0
292	20150428	23420.8466667	20125244.7667	2.0	2.0
268	20150429	23420.8466667	20125244.7667	2.0	2.0
337	20150430	23420.8466667	20125244.7667	2.0	2.0
409	20150501	23420.8466667	20125244.7667	2.0	2.0
399	20150502	23420.8466667	20125244.7667	2.0	2.0
375	20150503	23420.8466667	20125244.7667	2.0	2.0
363	20150504	23420.8466667	20125244.7667	2.0	2.0
302	20150505	23420.8466667	20125244.7667	2.0	2.0
248	20150506	23420.8466667	20125244.7667	2.0	2.0
399	20150507	23420.8466667	20125244.7667	2.0	2.0
284	20150508	23420.8466667	20125244.7667	2.0	2.0
344	20150509	23420.8466667	20125244.7667	2.0	2.0
411	20150510	23420.8466667	20125244.7667	2.0	2.0
324	20150511	23420.8466667	20125244.7667	2.0	2.0
354	20150512	23420.8466667	20125244.7667	2.0	2.0
429	20150513	23420.8466667	20125244.7667	2.0	2.0
365	20150514	23420.8466667	20125244.7667	2.0	2.0
550	20150515	23420.8466667	20125244.7667	2.0	2.0
497	20150516	23420.8466667	20125244.7667	2.0	2.0
441	20150517	23420.8466667	20125244.7667	2.0	2.0
464	20150518	23420.8466667	20125244.7667	2.0	2.0
563	20150519	23420.8466667	20125244.7667	2.0	2.0
469	20150520	23420.8466667	20125244.7667	2.0	2.0
426	20150521	23420.8466667	20125244.7667	2.0	2.0
518	20150522	23420.8466667	20125244.7667	2.0	2.0
710	20150523	23420.8466667	20125244.7667	2.0	2.0
539	20150524	23420.8466667	20125244.7667	2.0	2.0
569	20150525	23420.8466667	20125244.7667	2.0	2.0
493	20150526	23420.8466667	20125244.7667	2.0	2.0
498	20150527	23420.8466667	20125244.7667	2.0	2.0
391	20150528	23420.8466667	20125244.7667	2.0	2.0
484	20150529	23420.8466667	20125244.7667	2.0	2.0
486	20150530	23420.8466667	20125244.7667	2.0	2.0
480	20150531	23420.8466667	20125244.7667	2.0	2.0
385	20150601	23420.8466667	20125244.7667	2.0	2.0
338	20150602	23420.8466667	20125244.7667	2.0	2.0
393	20150603	23420.8466667	20125244.7667	2.0	2.0
430	20150604	23420.8466667	20125244.7667	2.0	2.0
548	20150605	23420.8466667	20125244.7667	2.0	2.0
434	20150606	23420.8466667	20125244.7667	2.0	2.0
514	20150607	23420.8466667	20125244.7667	2.0	2.0
540	20150608	23420.8466667	20125244.7667	2.0	2.0
447	20150609	23420.8466667	20125244.7667	2.0	2.0
344	20150610	23420.8466667	20125244.7667	2.0	2.0
426	20150611	23420.8466667	20125244.7667	2.0	2.0
391	20150612	23420.8466667	20125244.7667	2.0	2.0
443	20150613	23420.8466667	20125244.7667	2.0	2.0
364	20150614	23420.8466667	20125244.7667	2.0	2.0
441	20150615	23420.8466667	20125244.7667	2.0	2.0
435	20150616	23420.8466667	20125244.7667	2.0	2.0
459	20150617	23420.8466667	20125244.7667	2.0	2.0
400	20150618	23420.8466667	20125244.7667	2.0	2.0
433	20150619	23420.8466667	20125244.7667	2.0	2.0
536	20150620	23420.8466667	20125244.7667	2.0	2.0
424	20150621	23420.8466667	20125244.7667	2.0	2.0
577	20150622	23420.8466667	20125244.7667	2.0	2.0
470	20150623	23420.8466667	20125244.7667	2.0	2.0
581	20150624	23420.8466667	20125244.7667	2.0	2.0
550	20150625	23420.8466667	20125244.7667	2.0	2.0
629	20150626	23420.8466667	20125244.7667	2.0	2.0
691	20150627	23420.8466667	20125244.7667	2.0	2.0
544	20150628	23420.8466667	20125244.7667	2.0	2.0
665	20150629	23420.8466667	20125244.7667	2.0	2.0
637	20150630	23420.8466667	20125244.7667	2.0	2.0
716	20150701	23420.8466667	20125244.7667	2.0	2.0
588	20150702	23420.8466667	20125244.7667	2.0	2.0
604	20150703	23420.8466667	20125244.7667	2.0	2.0
433	20150704	23420.8466667	20125244.7667	2.0	2.0
624	20150705	23420.8466667	20125244.7667	2.0	2.0
564	20150706	23420.8466667	20125244.7667	2.0	2.0
520	20150707	23420.8466667	20125244.7667	2.0	2.0
547	20150708	23420.8466667	20125244.7667	2.0	2.0
646	20150709	23420.8466667	20125244.7667	2.0	2.0
612	20150710	23420.8466667	20125244.7667	2.0	2.0
473	20150711	23420.8466667	20125244.7667	2.0	2.0
463	20150712	23420.8466667	20125244.7667	2.0	2.0
642	20150713	23420.8466667	20125244.7667	2.0	2.0
502	20150714	23420.8466667	20125244.7667	2.0	2.0
497	20150715	23420.8466667	20125244.7667	2.0	2.0
674	20150716	23420.8466667	20125244.7667	2.0	2.0
462	20150717	23420.8466667	20125244.7667	2.0	2.0
343	20150718	23420.8466667	20125244.7667	2.0	2.0
478	20150719	23420.8466667	20125244.7667	2.0	2.0
663	20150720	23420.8466667	20125244.7667	2.0	2.0
515	20150721	23420.8466667	20125244.7667	2.0	2.0
538	20150722	23420.8466667	20125244.7667	2.0	2.0
403	20150723	23420.8466667	20125244.7667	2.0	2.0
597	20150724	23420.8466667	20125244.7667	2.0	2.0
706	20150725	23420.8466667	20125244.7667	2.0	2.0
666	20150726	23420.8466667	20125244.7667	2.0	2.0
405	20150727	23420.8466667	20125244.7667	2.0	2.0
707	20150728	23420.8466667	20125244.7667	2.0	2.0
513	20150729	23420.8466667	20125244.7667	2.0	2.0
618	20150730	23420.8466667	20125244.7667	2.0	2.0
470	20150731	23420.8466667	20125244.7667	2.0	2.0
521	20150801	23420.8466667	20125244.7667	2.0	2.0
407	20150802	23420.8466667	20125244.7667	2.0	2.0
556	20150803	23420.8466667	20125244.7667	2.0	2.0
461	20150804	23420.8466667	20125244.7667	2.0	2.0
437	20150805	23420.8466667	20125244.7667	2.0	2.0
374	20150806	23420.8466667	20125244.7667	2.0	2.0
566	20150807	23420.8466667	20125244.7667	2.0	2.0
372	20150808	23420.8466667	20125244.7667	2.0	2.0
399	20150809	23420.8466667	20125244.7667	2.0	2.0
445	20150810	23420.8466667	20125244.7667	2.0	2.0
400	20150811	23420.8466667	20125244.7667	2.0	2.0
436	20150812	23420.8466667	20125244.7667	2.0	2.0
472	20150813	23420.8466667	20125244.7667	2.0	2.0
513	20150814	23420.8466667	20125244.7667	2.0	2.0
392	20150815	23420.8466667	20125244.7667	2.0	2.0
463	20150816	23420.8466667	20125244.7667	2.0	2.0
487	20150817	23420.8466667	20125244.7667	2.0	2.0
475	20150818	23420.8466667	20125244.7667	2.0	2.0
477	20150819	23420.8466667	20125244.7667	2.0	2.0
507	20150820	23420.8466667	20125244.7667	2.0	2.0
383	20150821	23420.8466667	20125244.7667	2.0	2.0
298	20150822	23420.8466667	20125244.7667	2.0	2.0
361	20150823	23420.8466667	20125244.7667	2.0	2.0
506	20150824	23420.8466667	20125244.7667	2.0	2.0
634	20150825	23420.8466667	20125244.7667	2.0	2.0
577	20150826	23420.8466667	20125244.7667	2.0	2.0
585	20150827	23420.8466667	20125244.7667	2.0	2.0
486	20150828	23420.8466667	20125244.7667	2.0	2.0
469	20150829	23420.8466667	20125244.7667	2.0	2.0
354	20150830	23420.8466667	20125244.7667	2.0	2.0
