56	20150301	268796.454545	20129544.4545	3.0	3.0
78	20150302	268796.454545	20129544.4545	3.0	3.0
78	20150303	268796.454545	20129544.4545	3.0	3.0
75	20150304	268796.454545	20129544.4545	3.0	3.0
66	20150305	268796.454545	20129544.4545	3.0	3.0
81	20150306	268796.454545	20129544.4545	3.0	3.0
136	20150307	268796.454545	20129544.4545	3.0	3.0
56	20150308	268796.454545	20129544.4545	3.0	3.0
70	20150309	268796.454545	20129544.4545	3.0	3.0
75	20150310	268796.454545	20129544.4545	3.0	3.0
64	20150311	268796.454545	20129544.4545	3.0	3.0
68	20150312	268796.454545	20129544.4545	3.0	3.0
150	20150313	268796.454545	20129544.4545	3.0	3.0
139	20150314	268796.454545	20129544.4545	3.0	3.0
250	20150315	268796.454545	20129544.4545	3.0	3.0
129	20150316	268796.454545	20129544.4545	3.0	3.0
89	20150317	268796.454545	20129544.4545	3.0	3.0
94	20150318	268796.454545	20129544.4545	3.0	3.0
71	20150319	268796.454545	20129544.4545	3.0	3.0
97	20150320	268796.454545	20129544.4545	3.0	3.0
113	20150321	268796.454545	20129544.4545	3.0	3.0
123	20150322	268796.454545	20129544.4545	3.0	3.0
207	20150323	268796.454545	20129544.4545	3.0	3.0
148	20150324	268796.454545	20129544.4545	3.0	3.0
92	20150325	268796.454545	20129544.4545	3.0	3.0
169	20150326	268796.454545	20129544.4545	3.0	3.0
77	20150327	268796.454545	20129544.4545	3.0	3.0
68	20150328	268796.454545	20129544.4545	3.0	3.0
102	20150329	268796.454545	20129544.4545	3.0	3.0
99	20150330	268796.454545	20129544.4545	3.0	3.0
100	20150331	268796.454545	20129544.4545	3.0	3.0
117	20150401	268796.454545	20129544.4545	3.0	3.0
118	20150402	268796.454545	20129544.4545	3.0	3.0
81	20150403	268796.454545	20129544.4545	3.0	3.0
108	20150404	268796.454545	20129544.4545	3.0	3.0
89	20150405	268796.454545	20129544.4545	3.0	3.0
125	20150406	268796.454545	20129544.4545	3.0	3.0
124	20150407	268796.454545	20129544.4545	3.0	3.0
119	20150408	268796.454545	20129544.4545	3.0	3.0
110	20150409	268796.454545	20129544.4545	3.0	3.0
83	20150410	268796.454545	20129544.4545	3.0	3.0
108	20150411	268796.454545	20129544.4545	3.0	3.0
146	20150412	268796.454545	20129544.4545	3.0	3.0
107	20150413	268796.454545	20129544.4545	3.0	3.0
95	20150414	268796.454545	20129544.4545	3.0	3.0
142	20150415	268796.454545	20129544.4545	3.0	3.0
104	20150416	268796.454545	20129544.4545	3.0	3.0
142	20150417	268796.454545	20129544.4545	3.0	3.0
187	20150418	268796.454545	20129544.4545	3.0	3.0
166	20150419	268796.454545	20129544.4545	3.0	3.0
100	20150420	268796.454545	20129544.4545	3.0	3.0
91	20150421	268796.454545	20129544.4545	3.0	3.0
109	20150422	268796.454545	20129544.4545	3.0	3.0
102	20150423	268796.454545	20129544.4545	3.0	3.0
148	20150424	268796.454545	20129544.4545	3.0	3.0
126	20150425	268796.454545	20129544.4545	3.0	3.0
115	20150426	268796.454545	20129544.4545	3.0	3.0
114	20150427	268796.454545	20129544.4545	3.0	3.0
131	20150428	268796.454545	20129544.4545	3.0	3.0
113	20150429	268796.454545	20129544.4545	3.0	3.0
139	20150430	268796.454545	20129544.4545	3.0	3.0
140	20150501	268796.454545	20129544.4545	3.0	3.0
90	20150502	268796.454545	20129544.4545	3.0	3.0
114	20150503	268796.454545	20129544.4545	3.0	3.0
90	20150504	268796.454545	20129544.4545	3.0	3.0
117	20150505	268796.454545	20129544.4545	3.0	3.0
107	20150506	268796.454545	20129544.4545	3.0	3.0
132	20150507	268796.454545	20129544.4545	3.0	3.0
113	20150508	268796.454545	20129544.4545	3.0	3.0
150	20150509	268796.454545	20129544.4545	3.0	3.0
102	20150510	268796.454545	20129544.4545	3.0	3.0
96	20150511	268796.454545	20129544.4545	3.0	3.0
100	20150512	268796.454545	20129544.4545	3.0	3.0
88	20150513	268796.454545	20129544.4545	3.0	3.0
93	20150514	268796.454545	20129544.4545	3.0	3.0
98	20150515	268796.454545	20129544.4545	3.0	3.0
90	20150516	268796.454545	20129544.4545	3.0	3.0
124	20150517	268796.454545	20129544.4545	3.0	3.0
147	20150518	268796.454545	20129544.4545	3.0	3.0
143	20150519	268796.454545	20129544.4545	3.0	3.0
126	20150520	268796.454545	20129544.4545	3.0	3.0
108	20150521	268796.454545	20129544.4545	3.0	3.0
79	20150522	268796.454545	20129544.4545	3.0	3.0
90	20150523	268796.454545	20129544.4545	3.0	3.0
110	20150524	268796.454545	20129544.4545	3.0	3.0
96	20150525	268796.454545	20129544.4545	3.0	3.0
104	20150526	268796.454545	20129544.4545	3.0	3.0
121	20150527	268796.454545	20129544.4545	3.0	3.0
115	20150528	268796.454545	20129544.4545	3.0	3.0
113	20150529	268796.454545	20129544.4545	3.0	3.0
119	20150530	268796.454545	20129544.4545	3.0	3.0
100	20150531	268796.454545	20129544.4545	3.0	3.0
146	20150601	268796.454545	20129544.4545	3.0	3.0
128	20150602	268796.454545	20129544.4545	3.0	3.0
148	20150603	268796.454545	20129544.4545	3.0	3.0
164	20150604	268796.454545	20129544.4545	3.0	3.0
83	20150605	268796.454545	20129544.4545	3.0	3.0
116	20150606	268796.454545	20129544.4545	3.0	3.0
77	20150607	268796.454545	20129544.4545	3.0	3.0
88	20150608	268796.454545	20129544.4545	3.0	3.0
122	20150609	268796.454545	20129544.4545	3.0	3.0
149	20150610	268796.454545	20129544.4545	3.0	3.0
100	20150611	268796.454545	20129544.4545	3.0	3.0
132	20150612	268796.454545	20129544.4545	3.0	3.0
111	20150613	268796.454545	20129544.4545	3.0	3.0
119	20150614	268796.454545	20129544.4545	3.0	3.0
98	20150615	268796.454545	20129544.4545	3.0	3.0
102	20150616	268796.454545	20129544.4545	3.0	3.0
114	20150617	268796.454545	20129544.4545	3.0	3.0
115	20150618	268796.454545	20129544.4545	3.0	3.0
141	20150619	268796.454545	20129544.4545	3.0	3.0
97	20150620	268796.454545	20129544.4545	3.0	3.0
92	20150621	268796.454545	20129544.4545	3.0	3.0
121	20150622	268796.454545	20129544.4545	3.0	3.0
105	20150623	268796.454545	20129544.4545	3.0	3.0
88	20150624	268796.454545	20129544.4545	3.0	3.0
109	20150625	268796.454545	20129544.4545	3.0	3.0
117	20150626	268796.454545	20129544.4545	3.0	3.0
113	20150627	268796.454545	20129544.4545	3.0	3.0
141	20150628	268796.454545	20129544.4545	3.0	3.0
85	20150629	268796.454545	20129544.4545	3.0	3.0
81	20150630	268796.454545	20129544.4545	3.0	3.0
105	20150701	268796.454545	20129544.4545	3.0	3.0
126	20150702	268796.454545	20129544.4545	3.0	3.0
127	20150703	268796.454545	20129544.4545	3.0	3.0
107	20150704	268796.454545	20129544.4545	3.0	3.0
218	20150705	268796.454545	20129544.4545	3.0	3.0
170	20150706	268796.454545	20129544.4545	3.0	3.0
157	20150707	268796.454545	20129544.4545	3.0	3.0
151	20150708	268796.454545	20129544.4545	3.0	3.0
143	20150709	268796.454545	20129544.4545	3.0	3.0
144	20150710	268796.454545	20129544.4545	3.0	3.0
87	20150711	268796.454545	20129544.4545	3.0	3.0
117	20150712	268796.454545	20129544.4545	3.0	3.0
140	20150713	268796.454545	20129544.4545	3.0	3.0
98	20150714	268796.454545	20129544.4545	3.0	3.0
83	20150715	268796.454545	20129544.4545	3.0	3.0
101	20150716	268796.454545	20129544.4545	3.0	3.0
115	20150717	268796.454545	20129544.4545	3.0	3.0
124	20150718	268796.454545	20129544.4545	3.0	3.0
112	20150719	268796.454545	20129544.4545	3.0	3.0
94	20150720	268796.454545	20129544.4545	3.0	3.0
182	20150721	268796.454545	20129544.4545	3.0	3.0
154	20150722	268796.454545	20129544.4545	3.0	3.0
115	20150723	268796.454545	20129544.4545	3.0	3.0
127	20150724	268796.454545	20129544.4545	3.0	3.0
90	20150725	268796.454545	20129544.4545	3.0	3.0
73	20150726	268796.454545	20129544.4545	3.0	3.0
107	20150727	268796.454545	20129544.4545	3.0	3.0
120	20150728	268796.454545	20129544.4545	3.0	3.0
97	20150729	268796.454545	20129544.4545	3.0	3.0
109	20150730	268796.454545	20129544.4545	3.0	3.0
166	20150731	268796.454545	20129544.4545	3.0	3.0
94	20150801	268796.454545	20129544.4545	3.0	3.0
107	20150802	268796.454545	20129544.4545	3.0	3.0
113	20150803	268796.454545	20129544.4545	3.0	3.0
147	20150804	268796.454545	20129544.4545	3.0	3.0
104	20150805	268796.454545	20129544.4545	3.0	3.0
110	20150806	268796.454545	20129544.4545	3.0	3.0
118	20150807	268796.454545	20129544.4545	3.0	3.0
73	20150808	268796.454545	20129544.4545	3.0	3.0
112	20150809	268796.454545	20129544.4545	3.0	3.0
156	20150810	268796.454545	20129544.4545	3.0	3.0
171	20150811	268796.454545	20129544.4545	3.0	3.0
109	20150812	268796.454545	20129544.4545	3.0	3.0
113	20150813	268796.454545	20129544.4545	3.0	3.0
117	20150814	268796.454545	20129544.4545	3.0	3.0
122	20150815	268796.454545	20129544.4545	3.0	3.0
113	20150816	268796.454545	20129544.4545	3.0	3.0
133	20150817	268796.454545	20129544.4545	3.0	3.0
133	20150818	268796.454545	20129544.4545	3.0	3.0
128	20150819	268796.454545	20129544.4545	3.0	3.0
127	20150820	268796.454545	20129544.4545	3.0	3.0
144	20150821	268796.454545	20129544.4545	3.0	3.0
123	20150822	268796.454545	20129544.4545	3.0	3.0
207	20150823	268796.454545	20129544.4545	3.0	3.0
158	20150824	268796.454545	20129544.4545	3.0	3.0
173	20150825	268796.454545	20129544.4545	3.0	3.0
185	20150826	268796.454545	20129544.4545	3.0	3.0
166	20150827	268796.454545	20129544.4545	3.0	3.0
157	20150828	268796.454545	20129544.4545	3.0	3.0
289	20150829	268796.454545	20129544.4545	3.0	3.0
254	20150830	268796.454545	20129544.4545	3.0	3.0
