535	20150301	21915.2226277	20038167.5	9.79562043796	2.0
655	20150302	21915.2226277	20038167.5	9.79562043796	2.0
575	20150303	21915.2226277	20038167.5	9.79562043796	2.0
746	20150304	21915.2226277	20038167.5	9.79562043796	2.0
523	20150305	21915.2226277	20038167.5	9.79562043796	2.0
528	20150306	21915.2226277	20038167.5	9.79562043796	2.0
475	20150307	21915.2226277	20038167.5	9.79562043796	2.0
588	20150308	21915.2226277	20038167.5	9.79562043796	2.0
438	20150309	21915.2226277	20038167.5	9.79562043796	2.0
597	20150310	21915.2226277	20038167.5	9.79562043796	2.0
415	20150311	21915.2226277	20038167.5	9.79562043796	2.0
428	20150312	21915.2226277	20038167.5	9.79562043796	2.0
516	20150313	21915.2226277	20038167.5	9.79562043796	2.0
516	20150314	21915.2226277	20038167.5	9.79562043796	2.0
620	20150315	21915.2226277	20038167.5	9.79562043796	2.0
610	20150316	21915.2226277	20038167.5	9.79562043796	2.0
480	20150317	21915.2226277	20038167.5	9.79562043796	2.0
484	20150318	21915.2226277	20038167.5	9.79562043796	2.0
601	20150319	21915.2226277	20038167.5	9.79562043796	2.0
575	20150320	21915.2226277	20038167.5	9.79562043796	2.0
491	20150321	21915.2226277	20038167.5	9.79562043796	2.0
512	20150322	21915.2226277	20038167.5	9.79562043796	2.0
539	20150323	21915.2226277	20038167.5	9.79562043796	2.0
541	20150324	21915.2226277	20038167.5	9.79562043796	2.0
577	20150325	21915.2226277	20038167.5	9.79562043796	2.0
630	20150326	21915.2226277	20038167.5	9.79562043796	2.0
580	20150327	21915.2226277	20038167.5	9.79562043796	2.0
552	20150328	21915.2226277	20038167.5	9.79562043796	2.0
446	20150329	21915.2226277	20038167.5	9.79562043796	2.0
519	20150330	21915.2226277	20038167.5	9.79562043796	2.0
605	20150331	21915.2226277	20038167.5	9.79562043796	2.0
612	20150401	21915.2226277	20038167.5	9.79562043796	2.0
596	20150402	21915.2226277	20038167.5	9.79562043796	2.0
575	20150403	21915.2226277	20038167.5	9.79562043796	2.0
574	20150404	21915.2226277	20038167.5	9.79562043796	2.0
551	20150405	21915.2226277	20038167.5	9.79562043796	2.0
708	20150406	21915.2226277	20038167.5	9.79562043796	2.0
653	20150407	21915.2226277	20038167.5	9.79562043796	2.0
698	20150408	21915.2226277	20038167.5	9.79562043796	2.0
661	20150409	21915.2226277	20038167.5	9.79562043796	2.0
691	20150410	21915.2226277	20038167.5	9.79562043796	2.0
571	20150411	21915.2226277	20038167.5	9.79562043796	2.0
730	20150412	21915.2226277	20038167.5	9.79562043796	2.0
599	20150413	21915.2226277	20038167.5	9.79562043796	2.0
902	20150414	21915.2226277	20038167.5	9.79562043796	2.0
581	20150415	21915.2226277	20038167.5	9.79562043796	2.0
637	20150416	21915.2226277	20038167.5	9.79562043796	2.0
709	20150417	21915.2226277	20038167.5	9.79562043796	2.0
701	20150418	21915.2226277	20038167.5	9.79562043796	2.0
869	20150419	21915.2226277	20038167.5	9.79562043796	2.0
672	20150420	21915.2226277	20038167.5	9.79562043796	2.0
711	20150421	21915.2226277	20038167.5	9.79562043796	2.0
643	20150422	21915.2226277	20038167.5	9.79562043796	2.0
626	20150423	21915.2226277	20038167.5	9.79562043796	2.0
793	20150424	21915.2226277	20038167.5	9.79562043796	2.0
716	20150425	21915.2226277	20038167.5	9.79562043796	2.0
649	20150426	21915.2226277	20038167.5	9.79562043796	2.0
552	20150427	21915.2226277	20038167.5	9.79562043796	2.0
832	20150428	21915.2226277	20038167.5	9.79562043796	2.0
779	20150429	21915.2226277	20038167.5	9.79562043796	2.0
850	20150430	21915.2226277	20038167.5	9.79562043796	2.0
736	20150501	21915.2226277	20038167.5	9.79562043796	2.0
660	20150502	21915.2226277	20038167.5	9.79562043796	2.0
765	20150503	21915.2226277	20038167.5	9.79562043796	2.0
776	20150504	21915.2226277	20038167.5	9.79562043796	2.0
856	20150505	21915.2226277	20038167.5	9.79562043796	2.0
827	20150506	21915.2226277	20038167.5	9.79562043796	2.0
610	20150507	21915.2226277	20038167.5	9.79562043796	2.0
635	20150508	21915.2226277	20038167.5	9.79562043796	2.0
654	20150509	21915.2226277	20038167.5	9.79562043796	2.0
716	20150510	21915.2226277	20038167.5	9.79562043796	2.0
694	20150511	21915.2226277	20038167.5	9.79562043796	2.0
711	20150512	21915.2226277	20038167.5	9.79562043796	2.0
689	20150513	21915.2226277	20038167.5	9.79562043796	2.0
895	20150514	21915.2226277	20038167.5	9.79562043796	2.0
687	20150515	21915.2226277	20038167.5	9.79562043796	2.0
744	20150516	21915.2226277	20038167.5	9.79562043796	2.0
856	20150517	21915.2226277	20038167.5	9.79562043796	2.0
749	20150518	21915.2226277	20038167.5	9.79562043796	2.0
719	20150519	21915.2226277	20038167.5	9.79562043796	2.0
858	20150520	21915.2226277	20038167.5	9.79562043796	2.0
859	20150521	21915.2226277	20038167.5	9.79562043796	2.0
649	20150522	21915.2226277	20038167.5	9.79562043796	2.0
807	20150523	21915.2226277	20038167.5	9.79562043796	2.0
754	20150524	21915.2226277	20038167.5	9.79562043796	2.0
785	20150525	21915.2226277	20038167.5	9.79562043796	2.0
792	20150526	21915.2226277	20038167.5	9.79562043796	2.0
766	20150527	21915.2226277	20038167.5	9.79562043796	2.0
752	20150528	21915.2226277	20038167.5	9.79562043796	2.0
723	20150529	21915.2226277	20038167.5	9.79562043796	2.0
721	20150530	21915.2226277	20038167.5	9.79562043796	2.0
722	20150531	21915.2226277	20038167.5	9.79562043796	2.0
627	20150601	21915.2226277	20038167.5	9.79562043796	2.0
787	20150602	21915.2226277	20038167.5	9.79562043796	2.0
764	20150603	21915.2226277	20038167.5	9.79562043796	2.0
750	20150604	21915.2226277	20038167.5	9.79562043796	2.0
894	20150605	21915.2226277	20038167.5	9.79562043796	2.0
768	20150606	21915.2226277	20038167.5	9.79562043796	2.0
678	20150607	21915.2226277	20038167.5	9.79562043796	2.0
726	20150608	21915.2226277	20038167.5	9.79562043796	2.0
725	20150609	21915.2226277	20038167.5	9.79562043796	2.0
618	20150610	21915.2226277	20038167.5	9.79562043796	2.0
744	20150611	21915.2226277	20038167.5	9.79562043796	2.0
852	20150612	21915.2226277	20038167.5	9.79562043796	2.0
714	20150613	21915.2226277	20038167.5	9.79562043796	2.0
718	20150614	21915.2226277	20038167.5	9.79562043796	2.0
864	20150615	21915.2226277	20038167.5	9.79562043796	2.0
806	20150616	21915.2226277	20038167.5	9.79562043796	2.0
780	20150617	21915.2226277	20038167.5	9.79562043796	2.0
802	20150618	21915.2226277	20038167.5	9.79562043796	2.0
734	20150619	21915.2226277	20038167.5	9.79562043796	2.0
757	20150620	21915.2226277	20038167.5	9.79562043796	2.0
595	20150621	21915.2226277	20038167.5	9.79562043796	2.0
721	20150622	21915.2226277	20038167.5	9.79562043796	2.0
741	20150623	21915.2226277	20038167.5	9.79562043796	2.0
806	20150624	21915.2226277	20038167.5	9.79562043796	2.0
859	20150625	21915.2226277	20038167.5	9.79562043796	2.0
695	20150626	21915.2226277	20038167.5	9.79562043796	2.0
640	20150627	21915.2226277	20038167.5	9.79562043796	2.0
739	20150628	21915.2226277	20038167.5	9.79562043796	2.0
967	20150629	21915.2226277	20038167.5	9.79562043796	2.0
840	20150630	21915.2226277	20038167.5	9.79562043796	2.0
851	20150701	21915.2226277	20038167.5	9.79562043796	2.0
851	20150702	21915.2226277	20038167.5	9.79562043796	2.0
882	20150703	21915.2226277	20038167.5	9.79562043796	2.0
943	20150704	21915.2226277	20038167.5	9.79562043796	2.0
791	20150705	21915.2226277	20038167.5	9.79562043796	2.0
818	20150706	21915.2226277	20038167.5	9.79562043796	2.0
820	20150707	21915.2226277	20038167.5	9.79562043796	2.0
776	20150708	21915.2226277	20038167.5	9.79562043796	2.0
748	20150709	21915.2226277	20038167.5	9.79562043796	2.0
907	20150710	21915.2226277	20038167.5	9.79562043796	2.0
740	20150711	21915.2226277	20038167.5	9.79562043796	2.0
797	20150712	21915.2226277	20038167.5	9.79562043796	2.0
877	20150713	21915.2226277	20038167.5	9.79562043796	2.0
846	20150714	21915.2226277	20038167.5	9.79562043796	2.0
875	20150715	21915.2226277	20038167.5	9.79562043796	2.0
818	20150716	21915.2226277	20038167.5	9.79562043796	2.0
866	20150717	21915.2226277	20038167.5	9.79562043796	2.0
742	20150718	21915.2226277	20038167.5	9.79562043796	2.0
619	20150719	21915.2226277	20038167.5	9.79562043796	2.0
842	20150720	21915.2226277	20038167.5	9.79562043796	2.0
676	20150721	21915.2226277	20038167.5	9.79562043796	2.0
757	20150722	21915.2226277	20038167.5	9.79562043796	2.0
772	20150723	21915.2226277	20038167.5	9.79562043796	2.0
683	20150724	21915.2226277	20038167.5	9.79562043796	2.0
728	20150725	21915.2226277	20038167.5	9.79562043796	2.0
691	20150726	21915.2226277	20038167.5	9.79562043796	2.0
752	20150727	21915.2226277	20038167.5	9.79562043796	2.0
787	20150728	21915.2226277	20038167.5	9.79562043796	2.0
979	20150729	21915.2226277	20038167.5	9.79562043796	2.0
833	20150730	21915.2226277	20038167.5	9.79562043796	2.0
832	20150731	21915.2226277	20038167.5	9.79562043796	2.0
719	20150801	21915.2226277	20038167.5	9.79562043796	2.0
796	20150802	21915.2226277	20038167.5	9.79562043796	2.0
778	20150803	21915.2226277	20038167.5	9.79562043796	2.0
861	20150804	21915.2226277	20038167.5	9.79562043796	2.0
730	20150805	21915.2226277	20038167.5	9.79562043796	2.0
856	20150806	21915.2226277	20038167.5	9.79562043796	2.0
1031	20150807	21915.2226277	20038167.5	9.79562043796	2.0
648	20150808	21915.2226277	20038167.5	9.79562043796	2.0
1051	20150809	21915.2226277	20038167.5	9.79562043796	2.0
878	20150810	21915.2226277	20038167.5	9.79562043796	2.0
915	20150811	21915.2226277	20038167.5	9.79562043796	2.0
901	20150812	21915.2226277	20038167.5	9.79562043796	2.0
757	20150813	21915.2226277	20038167.5	9.79562043796	2.0
825	20150814	21915.2226277	20038167.5	9.79562043796	2.0
728	20150815	21915.2226277	20038167.5	9.79562043796	2.0
769	20150816	21915.2226277	20038167.5	9.79562043796	2.0
858	20150817	21915.2226277	20038167.5	9.79562043796	2.0
985	20150818	21915.2226277	20038167.5	9.79562043796	2.0
767	20150819	21915.2226277	20038167.5	9.79562043796	2.0
845	20150820	21915.2226277	20038167.5	9.79562043796	2.0
901	20150821	21915.2226277	20038167.5	9.79562043796	2.0
744	20150822	21915.2226277	20038167.5	9.79562043796	2.0
738	20150823	21915.2226277	20038167.5	9.79562043796	2.0
759	20150824	21915.2226277	20038167.5	9.79562043796	2.0
920	20150825	21915.2226277	20038167.5	9.79562043796	2.0
712	20150826	21915.2226277	20038167.5	9.79562043796	2.0
781	20150827	21915.2226277	20038167.5	9.79562043796	2.0
922	20150828	21915.2226277	20038167.5	9.79562043796	2.0
862	20150829	21915.2226277	20038167.5	9.79562043796	2.0
887	20150830	21915.2226277	20038167.5	9.79562043796	2.0
