85	20150301	52321.75	20142050.6875	2.0	2.0
77	20150302	52321.75	20142050.6875	2.0	2.0
47	20150303	52321.75	20142050.6875	2.0	2.0
72	20150304	52321.75	20142050.6875	2.0	2.0
89	20150305	52321.75	20142050.6875	2.0	2.0
61	20150306	52321.75	20142050.6875	2.0	2.0
90	20150307	52321.75	20142050.6875	2.0	2.0
126	20150308	52321.75	20142050.6875	2.0	2.0
81	20150309	52321.75	20142050.6875	2.0	2.0
89	20150310	52321.75	20142050.6875	2.0	2.0
71	20150311	52321.75	20142050.6875	2.0	2.0
89	20150312	52321.75	20142050.6875	2.0	2.0
63	20150313	52321.75	20142050.6875	2.0	2.0
72	20150314	52321.75	20142050.6875	2.0	2.0
75	20150315	52321.75	20142050.6875	2.0	2.0
126	20150316	52321.75	20142050.6875	2.0	2.0
91	20150317	52321.75	20142050.6875	2.0	2.0
96	20150318	52321.75	20142050.6875	2.0	2.0
48	20150319	52321.75	20142050.6875	2.0	2.0
69	20150320	52321.75	20142050.6875	2.0	2.0
107	20150321	52321.75	20142050.6875	2.0	2.0
74	20150322	52321.75	20142050.6875	2.0	2.0
80	20150323	52321.75	20142050.6875	2.0	2.0
75	20150324	52321.75	20142050.6875	2.0	2.0
77	20150325	52321.75	20142050.6875	2.0	2.0
109	20150326	52321.75	20142050.6875	2.0	2.0
72	20150327	52321.75	20142050.6875	2.0	2.0
84	20150328	52321.75	20142050.6875	2.0	2.0
110	20150329	52321.75	20142050.6875	2.0	2.0
159	20150330	52321.75	20142050.6875	2.0	2.0
128	20150331	52321.75	20142050.6875	2.0	2.0
123	20150401	52321.75	20142050.6875	2.0	2.0
136	20150402	52321.75	20142050.6875	2.0	2.0
112	20150403	52321.75	20142050.6875	2.0	2.0
100	20150404	52321.75	20142050.6875	2.0	2.0
131	20150405	52321.75	20142050.6875	2.0	2.0
139	20150406	52321.75	20142050.6875	2.0	2.0
108	20150407	52321.75	20142050.6875	2.0	2.0
114	20150408	52321.75	20142050.6875	2.0	2.0
113	20150409	52321.75	20142050.6875	2.0	2.0
198	20150410	52321.75	20142050.6875	2.0	2.0
127	20150411	52321.75	20142050.6875	2.0	2.0
169	20150412	52321.75	20142050.6875	2.0	2.0
106	20150413	52321.75	20142050.6875	2.0	2.0
105	20150414	52321.75	20142050.6875	2.0	2.0
125	20150415	52321.75	20142050.6875	2.0	2.0
135	20150416	52321.75	20142050.6875	2.0	2.0
113	20150417	52321.75	20142050.6875	2.0	2.0
155	20150418	52321.75	20142050.6875	2.0	2.0
122	20150419	52321.75	20142050.6875	2.0	2.0
111	20150420	52321.75	20142050.6875	2.0	2.0
113	20150421	52321.75	20142050.6875	2.0	2.0
140	20150422	52321.75	20142050.6875	2.0	2.0
99	20150423	52321.75	20142050.6875	2.0	2.0
135	20150424	52321.75	20142050.6875	2.0	2.0
129	20150425	52321.75	20142050.6875	2.0	2.0
145	20150426	52321.75	20142050.6875	2.0	2.0
89	20150427	52321.75	20142050.6875	2.0	2.0
119	20150428	52321.75	20142050.6875	2.0	2.0
190	20150429	52321.75	20142050.6875	2.0	2.0
129	20150430	52321.75	20142050.6875	2.0	2.0
113	20150501	52321.75	20142050.6875	2.0	2.0
100	20150502	52321.75	20142050.6875	2.0	2.0
127	20150503	52321.75	20142050.6875	2.0	2.0
115	20150504	52321.75	20142050.6875	2.0	2.0
112	20150505	52321.75	20142050.6875	2.0	2.0
125	20150506	52321.75	20142050.6875	2.0	2.0
142	20150507	52321.75	20142050.6875	2.0	2.0
128	20150508	52321.75	20142050.6875	2.0	2.0
122	20150509	52321.75	20142050.6875	2.0	2.0
159	20150510	52321.75	20142050.6875	2.0	2.0
151	20150511	52321.75	20142050.6875	2.0	2.0
194	20150512	52321.75	20142050.6875	2.0	2.0
150	20150513	52321.75	20142050.6875	2.0	2.0
141	20150514	52321.75	20142050.6875	2.0	2.0
147	20150515	52321.75	20142050.6875	2.0	2.0
205	20150516	52321.75	20142050.6875	2.0	2.0
151	20150517	52321.75	20142050.6875	2.0	2.0
127	20150518	52321.75	20142050.6875	2.0	2.0
147	20150519	52321.75	20142050.6875	2.0	2.0
134	20150520	52321.75	20142050.6875	2.0	2.0
153	20150521	52321.75	20142050.6875	2.0	2.0
113	20150522	52321.75	20142050.6875	2.0	2.0
117	20150523	52321.75	20142050.6875	2.0	2.0
161	20150524	52321.75	20142050.6875	2.0	2.0
101	20150525	52321.75	20142050.6875	2.0	2.0
95	20150526	52321.75	20142050.6875	2.0	2.0
102	20150527	52321.75	20142050.6875	2.0	2.0
77	20150528	52321.75	20142050.6875	2.0	2.0
97	20150529	52321.75	20142050.6875	2.0	2.0
92	20150530	52321.75	20142050.6875	2.0	2.0
91	20150531	52321.75	20142050.6875	2.0	2.0
119	20150601	52321.75	20142050.6875	2.0	2.0
141	20150602	52321.75	20142050.6875	2.0	2.0
97	20150603	52321.75	20142050.6875	2.0	2.0
118	20150604	52321.75	20142050.6875	2.0	2.0
112	20150605	52321.75	20142050.6875	2.0	2.0
128	20150606	52321.75	20142050.6875	2.0	2.0
163	20150607	52321.75	20142050.6875	2.0	2.0
104	20150608	52321.75	20142050.6875	2.0	2.0
147	20150609	52321.75	20142050.6875	2.0	2.0
127	20150610	52321.75	20142050.6875	2.0	2.0
110	20150611	52321.75	20142050.6875	2.0	2.0
143	20150612	52321.75	20142050.6875	2.0	2.0
141	20150613	52321.75	20142050.6875	2.0	2.0
92	20150614	52321.75	20142050.6875	2.0	2.0
125	20150615	52321.75	20142050.6875	2.0	2.0
98	20150616	52321.75	20142050.6875	2.0	2.0
130	20150617	52321.75	20142050.6875	2.0	2.0
115	20150618	52321.75	20142050.6875	2.0	2.0
157	20150619	52321.75	20142050.6875	2.0	2.0
156	20150620	52321.75	20142050.6875	2.0	2.0
257	20150621	52321.75	20142050.6875	2.0	2.0
165	20150622	52321.75	20142050.6875	2.0	2.0
125	20150623	52321.75	20142050.6875	2.0	2.0
111	20150624	52321.75	20142050.6875	2.0	2.0
177	20150625	52321.75	20142050.6875	2.0	2.0
184	20150626	52321.75	20142050.6875	2.0	2.0
178	20150627	52321.75	20142050.6875	2.0	2.0
142	20150628	52321.75	20142050.6875	2.0	2.0
116	20150629	52321.75	20142050.6875	2.0	2.0
151	20150630	52321.75	20142050.6875	2.0	2.0
98	20150701	52321.75	20142050.6875	2.0	2.0
117	20150702	52321.75	20142050.6875	2.0	2.0
130	20150703	52321.75	20142050.6875	2.0	2.0
79	20150704	52321.75	20142050.6875	2.0	2.0
105	20150705	52321.75	20142050.6875	2.0	2.0
143	20150706	52321.75	20142050.6875	2.0	2.0
129	20150707	52321.75	20142050.6875	2.0	2.0
137	20150708	52321.75	20142050.6875	2.0	2.0
133	20150709	52321.75	20142050.6875	2.0	2.0
119	20150710	52321.75	20142050.6875	2.0	2.0
105	20150711	52321.75	20142050.6875	2.0	2.0
119	20150712	52321.75	20142050.6875	2.0	2.0
113	20150713	52321.75	20142050.6875	2.0	2.0
128	20150714	52321.75	20142050.6875	2.0	2.0
173	20150715	52321.75	20142050.6875	2.0	2.0
159	20150716	52321.75	20142050.6875	2.0	2.0
116	20150717	52321.75	20142050.6875	2.0	2.0
97	20150718	52321.75	20142050.6875	2.0	2.0
102	20150719	52321.75	20142050.6875	2.0	2.0
134	20150720	52321.75	20142050.6875	2.0	2.0
92	20150721	52321.75	20142050.6875	2.0	2.0
98	20150722	52321.75	20142050.6875	2.0	2.0
128	20150723	52321.75	20142050.6875	2.0	2.0
102	20150724	52321.75	20142050.6875	2.0	2.0
110	20150725	52321.75	20142050.6875	2.0	2.0
131	20150726	52321.75	20142050.6875	2.0	2.0
140	20150727	52321.75	20142050.6875	2.0	2.0
101	20150728	52321.75	20142050.6875	2.0	2.0
100	20150729	52321.75	20142050.6875	2.0	2.0
110	20150730	52321.75	20142050.6875	2.0	2.0
118	20150731	52321.75	20142050.6875	2.0	2.0
105	20150801	52321.75	20142050.6875	2.0	2.0
87	20150802	52321.75	20142050.6875	2.0	2.0
135	20150803	52321.75	20142050.6875	2.0	2.0
109	20150804	52321.75	20142050.6875	2.0	2.0
116	20150805	52321.75	20142050.6875	2.0	2.0
114	20150806	52321.75	20142050.6875	2.0	2.0
127	20150807	52321.75	20142050.6875	2.0	2.0
115	20150808	52321.75	20142050.6875	2.0	2.0
92	20150809	52321.75	20142050.6875	2.0	2.0
136	20150810	52321.75	20142050.6875	2.0	2.0
133	20150811	52321.75	20142050.6875	2.0	2.0
119	20150812	52321.75	20142050.6875	2.0	2.0
114	20150813	52321.75	20142050.6875	2.0	2.0
126	20150814	52321.75	20142050.6875	2.0	2.0
90	20150815	52321.75	20142050.6875	2.0	2.0
102	20150816	52321.75	20142050.6875	2.0	2.0
127	20150817	52321.75	20142050.6875	2.0	2.0
133	20150818	52321.75	20142050.6875	2.0	2.0
129	20150819	52321.75	20142050.6875	2.0	2.0
118	20150820	52321.75	20142050.6875	2.0	2.0
117	20150821	52321.75	20142050.6875	2.0	2.0
170	20150822	52321.75	20142050.6875	2.0	2.0
124	20150823	52321.75	20142050.6875	2.0	2.0
123	20150824	52321.75	20142050.6875	2.0	2.0
182	20150825	52321.75	20142050.6875	2.0	2.0
130	20150826	52321.75	20142050.6875	2.0	2.0
118	20150827	52321.75	20142050.6875	2.0	2.0
120	20150828	52321.75	20142050.6875	2.0	2.0
126	20150829	52321.75	20142050.6875	2.0	2.0
111	20150830	52321.75	20142050.6875	2.0	2.0
