279	20150301	16002.2783505	19974952.9519	2.64948453608	2.0
347	20150302	16002.2783505	19974952.9519	2.64948453608	2.0
388	20150303	16002.2783505	19974952.9519	2.64948453608	2.0
299	20150304	16002.2783505	19974952.9519	2.64948453608	2.0
289	20150305	16002.2783505	19974952.9519	2.64948453608	2.0
295	20150306	16002.2783505	19974952.9519	2.64948453608	2.0
276	20150307	16002.2783505	19974952.9519	2.64948453608	2.0
303	20150308	16002.2783505	19974952.9519	2.64948453608	2.0
359	20150309	16002.2783505	19974952.9519	2.64948453608	2.0
254	20150310	16002.2783505	19974952.9519	2.64948453608	2.0
325	20150311	16002.2783505	19974952.9519	2.64948453608	2.0
310	20150312	16002.2783505	19974952.9519	2.64948453608	2.0
276	20150313	16002.2783505	19974952.9519	2.64948453608	2.0
288	20150314	16002.2783505	19974952.9519	2.64948453608	2.0
311	20150315	16002.2783505	19974952.9519	2.64948453608	2.0
290	20150316	16002.2783505	19974952.9519	2.64948453608	2.0
348	20150317	16002.2783505	19974952.9519	2.64948453608	2.0
268	20150318	16002.2783505	19974952.9519	2.64948453608	2.0
306	20150319	16002.2783505	19974952.9519	2.64948453608	2.0
297	20150320	16002.2783505	19974952.9519	2.64948453608	2.0
283	20150321	16002.2783505	19974952.9519	2.64948453608	2.0
279	20150322	16002.2783505	19974952.9519	2.64948453608	2.0
276	20150323	16002.2783505	19974952.9519	2.64948453608	2.0
355	20150324	16002.2783505	19974952.9519	2.64948453608	2.0
212	20150325	16002.2783505	19974952.9519	2.64948453608	2.0
254	20150326	16002.2783505	19974952.9519	2.64948453608	2.0
317	20150327	16002.2783505	19974952.9519	2.64948453608	2.0
353	20150328	16002.2783505	19974952.9519	2.64948453608	2.0
280	20150329	16002.2783505	19974952.9519	2.64948453608	2.0
262	20150330	16002.2783505	19974952.9519	2.64948453608	2.0
332	20150331	16002.2783505	19974952.9519	2.64948453608	2.0
326	20150401	16002.2783505	19974952.9519	2.64948453608	2.0
311	20150402	16002.2783505	19974952.9519	2.64948453608	2.0
344	20150403	16002.2783505	19974952.9519	2.64948453608	2.0
342	20150404	16002.2783505	19974952.9519	2.64948453608	2.0
317	20150405	16002.2783505	19974952.9519	2.64948453608	2.0
344	20150406	16002.2783505	19974952.9519	2.64948453608	2.0
312	20150407	16002.2783505	19974952.9519	2.64948453608	2.0
399	20150408	16002.2783505	19974952.9519	2.64948453608	2.0
516	20150409	16002.2783505	19974952.9519	2.64948453608	2.0
351	20150410	16002.2783505	19974952.9519	2.64948453608	2.0
327	20150411	16002.2783505	19974952.9519	2.64948453608	2.0
357	20150412	16002.2783505	19974952.9519	2.64948453608	2.0
272	20150413	16002.2783505	19974952.9519	2.64948453608	2.0
340	20150414	16002.2783505	19974952.9519	2.64948453608	2.0
311	20150415	16002.2783505	19974952.9519	2.64948453608	2.0
425	20150416	16002.2783505	19974952.9519	2.64948453608	2.0
405	20150417	16002.2783505	19974952.9519	2.64948453608	2.0
335	20150418	16002.2783505	19974952.9519	2.64948453608	2.0
358	20150419	16002.2783505	19974952.9519	2.64948453608	2.0
368	20150420	16002.2783505	19974952.9519	2.64948453608	2.0
312	20150421	16002.2783505	19974952.9519	2.64948453608	2.0
465	20150422	16002.2783505	19974952.9519	2.64948453608	2.0
345	20150423	16002.2783505	19974952.9519	2.64948453608	2.0
352	20150424	16002.2783505	19974952.9519	2.64948453608	2.0
326	20150425	16002.2783505	19974952.9519	2.64948453608	2.0
309	20150426	16002.2783505	19974952.9519	2.64948453608	2.0
376	20150427	16002.2783505	19974952.9519	2.64948453608	2.0
339	20150428	16002.2783505	19974952.9519	2.64948453608	2.0
346	20150429	16002.2783505	19974952.9519	2.64948453608	2.0
302	20150430	16002.2783505	19974952.9519	2.64948453608	2.0
253	20150501	16002.2783505	19974952.9519	2.64948453608	2.0
288	20150502	16002.2783505	19974952.9519	2.64948453608	2.0
311	20150503	16002.2783505	19974952.9519	2.64948453608	2.0
302	20150504	16002.2783505	19974952.9519	2.64948453608	2.0
263	20150505	16002.2783505	19974952.9519	2.64948453608	2.0
266	20150506	16002.2783505	19974952.9519	2.64948453608	2.0
297	20150507	16002.2783505	19974952.9519	2.64948453608	2.0
335	20150508	16002.2783505	19974952.9519	2.64948453608	2.0
343	20150509	16002.2783505	19974952.9519	2.64948453608	2.0
327	20150510	16002.2783505	19974952.9519	2.64948453608	2.0
354	20150511	16002.2783505	19974952.9519	2.64948453608	2.0
327	20150512	16002.2783505	19974952.9519	2.64948453608	2.0
1236	20150513	16002.2783505	19974952.9519	2.64948453608	2.0
1758	20150514	16002.2783505	19974952.9519	2.64948453608	2.0
1453	20150515	16002.2783505	19974952.9519	2.64948453608	2.0
960	20150516	16002.2783505	19974952.9519	2.64948453608	2.0
640	20150517	16002.2783505	19974952.9519	2.64948453608	2.0
506	20150518	16002.2783505	19974952.9519	2.64948453608	2.0
613	20150519	16002.2783505	19974952.9519	2.64948453608	2.0
763	20150520	16002.2783505	19974952.9519	2.64948453608	2.0
543	20150521	16002.2783505	19974952.9519	2.64948453608	2.0
504	20150522	16002.2783505	19974952.9519	2.64948453608	2.0
489	20150523	16002.2783505	19974952.9519	2.64948453608	2.0
488	20150524	16002.2783505	19974952.9519	2.64948453608	2.0
453	20150525	16002.2783505	19974952.9519	2.64948453608	2.0
502	20150526	16002.2783505	19974952.9519	2.64948453608	2.0
451	20150527	16002.2783505	19974952.9519	2.64948453608	2.0
481	20150528	16002.2783505	19974952.9519	2.64948453608	2.0
514	20150529	16002.2783505	19974952.9519	2.64948453608	2.0
412	20150530	16002.2783505	19974952.9519	2.64948453608	2.0
396	20150531	16002.2783505	19974952.9519	2.64948453608	2.0
372	20150601	16002.2783505	19974952.9519	2.64948453608	2.0
451	20150602	16002.2783505	19974952.9519	2.64948453608	2.0
462	20150603	16002.2783505	19974952.9519	2.64948453608	2.0
425	20150604	16002.2783505	19974952.9519	2.64948453608	2.0
344	20150605	16002.2783505	19974952.9519	2.64948453608	2.0
380	20150606	16002.2783505	19974952.9519	2.64948453608	2.0
415	20150607	16002.2783505	19974952.9519	2.64948453608	2.0
334	20150608	16002.2783505	19974952.9519	2.64948453608	2.0
485	20150609	16002.2783505	19974952.9519	2.64948453608	2.0
303	20150610	16002.2783505	19974952.9519	2.64948453608	2.0
261	20150611	16002.2783505	19974952.9519	2.64948453608	2.0
318	20150612	16002.2783505	19974952.9519	2.64948453608	2.0
302	20150613	16002.2783505	19974952.9519	2.64948453608	2.0
314	20150614	16002.2783505	19974952.9519	2.64948453608	2.0
385	20150615	16002.2783505	19974952.9519	2.64948453608	2.0
398	20150616	16002.2783505	19974952.9519	2.64948453608	2.0
307	20150617	16002.2783505	19974952.9519	2.64948453608	2.0
298	20150618	16002.2783505	19974952.9519	2.64948453608	2.0
299	20150619	16002.2783505	19974952.9519	2.64948453608	2.0
278	20150620	16002.2783505	19974952.9519	2.64948453608	2.0
268	20150621	16002.2783505	19974952.9519	2.64948453608	2.0
376	20150622	16002.2783505	19974952.9519	2.64948453608	2.0
324	20150623	16002.2783505	19974952.9519	2.64948453608	2.0
304	20150624	16002.2783505	19974952.9519	2.64948453608	2.0
333	20150625	16002.2783505	19974952.9519	2.64948453608	2.0
309	20150626	16002.2783505	19974952.9519	2.64948453608	2.0
355	20150627	16002.2783505	19974952.9519	2.64948453608	2.0
327	20150628	16002.2783505	19974952.9519	2.64948453608	2.0
292	20150629	16002.2783505	19974952.9519	2.64948453608	2.0
375	20150630	16002.2783505	19974952.9519	2.64948453608	2.0
378	20150701	16002.2783505	19974952.9519	2.64948453608	2.0
410	20150702	16002.2783505	19974952.9519	2.64948453608	2.0
333	20150703	16002.2783505	19974952.9519	2.64948453608	2.0
328	20150704	16002.2783505	19974952.9519	2.64948453608	2.0
269	20150705	16002.2783505	19974952.9519	2.64948453608	2.0
363	20150706	16002.2783505	19974952.9519	2.64948453608	2.0
446	20150707	16002.2783505	19974952.9519	2.64948453608	2.0
319	20150708	16002.2783505	19974952.9519	2.64948453608	2.0
334	20150709	16002.2783505	19974952.9519	2.64948453608	2.0
293	20150710	16002.2783505	19974952.9519	2.64948453608	2.0
299	20150711	16002.2783505	19974952.9519	2.64948453608	2.0
296	20150712	16002.2783505	19974952.9519	2.64948453608	2.0
290	20150713	16002.2783505	19974952.9519	2.64948453608	2.0
298	20150714	16002.2783505	19974952.9519	2.64948453608	2.0
367	20150715	16002.2783505	19974952.9519	2.64948453608	2.0
347	20150716	16002.2783505	19974952.9519	2.64948453608	2.0
402	20150717	16002.2783505	19974952.9519	2.64948453608	2.0
261	20150718	16002.2783505	19974952.9519	2.64948453608	2.0
340	20150719	16002.2783505	19974952.9519	2.64948453608	2.0
332	20150720	16002.2783505	19974952.9519	2.64948453608	2.0
262	20150721	16002.2783505	19974952.9519	2.64948453608	2.0
365	20150722	16002.2783505	19974952.9519	2.64948453608	2.0
345	20150723	16002.2783505	19974952.9519	2.64948453608	2.0
369	20150724	16002.2783505	19974952.9519	2.64948453608	2.0
810	20150725	16002.2783505	19974952.9519	2.64948453608	2.0
701	20150726	16002.2783505	19974952.9519	2.64948453608	2.0
813	20150727	16002.2783505	19974952.9519	2.64948453608	2.0
802	20150728	16002.2783505	19974952.9519	2.64948453608	2.0
707	20150729	16002.2783505	19974952.9519	2.64948453608	2.0
631	20150730	16002.2783505	19974952.9519	2.64948453608	2.0
723	20150731	16002.2783505	19974952.9519	2.64948453608	2.0
822	20150801	16002.2783505	19974952.9519	2.64948453608	2.0
689	20150802	16002.2783505	19974952.9519	2.64948453608	2.0
710	20150803	16002.2783505	19974952.9519	2.64948453608	2.0
597	20150804	16002.2783505	19974952.9519	2.64948453608	2.0
573	20150805	16002.2783505	19974952.9519	2.64948453608	2.0
501	20150806	16002.2783505	19974952.9519	2.64948453608	2.0
564	20150807	16002.2783505	19974952.9519	2.64948453608	2.0
522	20150808	16002.2783505	19974952.9519	2.64948453608	2.0
514	20150809	16002.2783505	19974952.9519	2.64948453608	2.0
482	20150810	16002.2783505	19974952.9519	2.64948453608	2.0
544	20150811	16002.2783505	19974952.9519	2.64948453608	2.0
618	20150812	16002.2783505	19974952.9519	2.64948453608	2.0
605	20150813	16002.2783505	19974952.9519	2.64948453608	2.0
456	20150814	16002.2783505	19974952.9519	2.64948453608	2.0
450	20150815	16002.2783505	19974952.9519	2.64948453608	2.0
506	20150816	16002.2783505	19974952.9519	2.64948453608	2.0
506	20150817	16002.2783505	19974952.9519	2.64948453608	2.0
492	20150818	16002.2783505	19974952.9519	2.64948453608	2.0
580	20150819	16002.2783505	19974952.9519	2.64948453608	2.0
586	20150820	16002.2783505	19974952.9519	2.64948453608	2.0
446	20150821	16002.2783505	19974952.9519	2.64948453608	2.0
403	20150822	16002.2783505	19974952.9519	2.64948453608	2.0
452	20150823	16002.2783505	19974952.9519	2.64948453608	2.0
396	20150824	16002.2783505	19974952.9519	2.64948453608	2.0
385	20150825	16002.2783505	19974952.9519	2.64948453608	2.0
451	20150826	16002.2783505	19974952.9519	2.64948453608	2.0
467	20150827	16002.2783505	19974952.9519	2.64948453608	2.0
450	20150828	16002.2783505	19974952.9519	2.64948453608	2.0
451	20150829	16002.2783505	19974952.9519	2.64948453608	2.0
358	20150830	16002.2783505	19974952.9519	2.64948453608	2.0
