254	20150301	24624.9794239	20083429.6749	11.0	1.0
327	20150302	24624.9794239	20083429.6749	11.0	1.0
418	20150303	24624.9794239	20083429.6749	11.0	1.0
399	20150304	24624.9794239	20083429.6749	11.0	1.0
353	20150305	24624.9794239	20083429.6749	11.0	1.0
405	20150306	24624.9794239	20083429.6749	11.0	1.0
422	20150307	24624.9794239	20083429.6749	11.0	1.0
395	20150308	24624.9794239	20083429.6749	11.0	1.0
382	20150309	24624.9794239	20083429.6749	11.0	1.0
347	20150310	24624.9794239	20083429.6749	11.0	1.0
478	20150311	24624.9794239	20083429.6749	11.0	1.0
406	20150312	24624.9794239	20083429.6749	11.0	1.0
411	20150313	24624.9794239	20083429.6749	11.0	1.0
460	20150314	24624.9794239	20083429.6749	11.0	1.0
360	20150315	24624.9794239	20083429.6749	11.0	1.0
416	20150316	24624.9794239	20083429.6749	11.0	1.0
397	20150317	24624.9794239	20083429.6749	11.0	1.0
475	20150318	24624.9794239	20083429.6749	11.0	1.0
529	20150319	24624.9794239	20083429.6749	11.0	1.0
375	20150320	24624.9794239	20083429.6749	11.0	1.0
430	20150321	24624.9794239	20083429.6749	11.0	1.0
457	20150322	24624.9794239	20083429.6749	11.0	1.0
380	20150323	24624.9794239	20083429.6749	11.0	1.0
476	20150324	24624.9794239	20083429.6749	11.0	1.0
377	20150325	24624.9794239	20083429.6749	11.0	1.0
353	20150326	24624.9794239	20083429.6749	11.0	1.0
447	20150327	24624.9794239	20083429.6749	11.0	1.0
346	20150328	24624.9794239	20083429.6749	11.0	1.0
483	20150329	24624.9794239	20083429.6749	11.0	1.0
316	20150330	24624.9794239	20083429.6749	11.0	1.0
417	20150331	24624.9794239	20083429.6749	11.0	1.0
474	20150401	24624.9794239	20083429.6749	11.0	1.0
559	20150402	24624.9794239	20083429.6749	11.0	1.0
441	20150403	24624.9794239	20083429.6749	11.0	1.0
610	20150404	24624.9794239	20083429.6749	11.0	1.0
419	20150405	24624.9794239	20083429.6749	11.0	1.0
482	20150406	24624.9794239	20083429.6749	11.0	1.0
559	20150407	24624.9794239	20083429.6749	11.0	1.0
522	20150408	24624.9794239	20083429.6749	11.0	1.0
576	20150409	24624.9794239	20083429.6749	11.0	1.0
500	20150410	24624.9794239	20083429.6749	11.0	1.0
612	20150411	24624.9794239	20083429.6749	11.0	1.0
409	20150412	24624.9794239	20083429.6749	11.0	1.0
504	20150413	24624.9794239	20083429.6749	11.0	1.0
417	20150414	24624.9794239	20083429.6749	11.0	1.0
629	20150415	24624.9794239	20083429.6749	11.0	1.0
770	20150416	24624.9794239	20083429.6749	11.0	1.0
825	20150417	24624.9794239	20083429.6749	11.0	1.0
651	20150418	24624.9794239	20083429.6749	11.0	1.0
598	20150419	24624.9794239	20083429.6749	11.0	1.0
547	20150420	24624.9794239	20083429.6749	11.0	1.0
559	20150421	24624.9794239	20083429.6749	11.0	1.0
570	20150422	24624.9794239	20083429.6749	11.0	1.0
550	20150423	24624.9794239	20083429.6749	11.0	1.0
727	20150424	24624.9794239	20083429.6749	11.0	1.0
583	20150425	24624.9794239	20083429.6749	11.0	1.0
437	20150426	24624.9794239	20083429.6749	11.0	1.0
595	20150427	24624.9794239	20083429.6749	11.0	1.0
751	20150428	24624.9794239	20083429.6749	11.0	1.0
554	20150429	24624.9794239	20083429.6749	11.0	1.0
560	20150430	24624.9794239	20083429.6749	11.0	1.0
627	20150501	24624.9794239	20083429.6749	11.0	1.0
431	20150502	24624.9794239	20083429.6749	11.0	1.0
604	20150503	24624.9794239	20083429.6749	11.0	1.0
624	20150504	24624.9794239	20083429.6749	11.0	1.0
1012	20150505	24624.9794239	20083429.6749	11.0	1.0
1110	20150506	24624.9794239	20083429.6749	11.0	1.0
1053	20150507	24624.9794239	20083429.6749	11.0	1.0
1033	20150508	24624.9794239	20083429.6749	11.0	1.0
851	20150509	24624.9794239	20083429.6749	11.0	1.0
645	20150510	24624.9794239	20083429.6749	11.0	1.0
692	20150511	24624.9794239	20083429.6749	11.0	1.0
602	20150512	24624.9794239	20083429.6749	11.0	1.0
678	20150513	24624.9794239	20083429.6749	11.0	1.0
585	20150514	24624.9794239	20083429.6749	11.0	1.0
682	20150515	24624.9794239	20083429.6749	11.0	1.0
678	20150516	24624.9794239	20083429.6749	11.0	1.0
724	20150517	24624.9794239	20083429.6749	11.0	1.0
572	20150518	24624.9794239	20083429.6749	11.0	1.0
495	20150519	24624.9794239	20083429.6749	11.0	1.0
516	20150520	24624.9794239	20083429.6749	11.0	1.0
636	20150521	24624.9794239	20083429.6749	11.0	1.0
509	20150522	24624.9794239	20083429.6749	11.0	1.0
563	20150523	24624.9794239	20083429.6749	11.0	1.0
597	20150524	24624.9794239	20083429.6749	11.0	1.0
685	20150525	24624.9794239	20083429.6749	11.0	1.0
636	20150526	24624.9794239	20083429.6749	11.0	1.0
786	20150527	24624.9794239	20083429.6749	11.0	1.0
769	20150528	24624.9794239	20083429.6749	11.0	1.0
707	20150529	24624.9794239	20083429.6749	11.0	1.0
702	20150530	24624.9794239	20083429.6749	11.0	1.0
711	20150531	24624.9794239	20083429.6749	11.0	1.0
701	20150601	24624.9794239	20083429.6749	11.0	1.0
633	20150602	24624.9794239	20083429.6749	11.0	1.0
745	20150603	24624.9794239	20083429.6749	11.0	1.0
634	20150604	24624.9794239	20083429.6749	11.0	1.0
1625	20150605	24624.9794239	20083429.6749	11.0	1.0
1937	20150606	24624.9794239	20083429.6749	11.0	1.0
1934	20150607	24624.9794239	20083429.6749	11.0	1.0
2374	20150608	24624.9794239	20083429.6749	11.0	1.0
1420	20150609	24624.9794239	20083429.6749	11.0	1.0
1469	20150610	24624.9794239	20083429.6749	11.0	1.0
1543	20150611	24624.9794239	20083429.6749	11.0	1.0
1517	20150612	24624.9794239	20083429.6749	11.0	1.0
1190	20150613	24624.9794239	20083429.6749	11.0	1.0
941	20150614	24624.9794239	20083429.6749	11.0	1.0
1003	20150615	24624.9794239	20083429.6749	11.0	1.0
903	20150616	24624.9794239	20083429.6749	11.0	1.0
892	20150617	24624.9794239	20083429.6749	11.0	1.0
945	20150618	24624.9794239	20083429.6749	11.0	1.0
989	20150619	24624.9794239	20083429.6749	11.0	1.0
775	20150620	24624.9794239	20083429.6749	11.0	1.0
675	20150621	24624.9794239	20083429.6749	11.0	1.0
950	20150622	24624.9794239	20083429.6749	11.0	1.0
941	20150623	24624.9794239	20083429.6749	11.0	1.0
826	20150624	24624.9794239	20083429.6749	11.0	1.0
943	20150625	24624.9794239	20083429.6749	11.0	1.0
1086	20150626	24624.9794239	20083429.6749	11.0	1.0
659	20150627	24624.9794239	20083429.6749	11.0	1.0
865	20150628	24624.9794239	20083429.6749	11.0	1.0
829	20150629	24624.9794239	20083429.6749	11.0	1.0
741	20150630	24624.9794239	20083429.6749	11.0	1.0
713	20150701	24624.9794239	20083429.6749	11.0	1.0
680	20150702	24624.9794239	20083429.6749	11.0	1.0
670	20150703	24624.9794239	20083429.6749	11.0	1.0
598	20150704	24624.9794239	20083429.6749	11.0	1.0
612	20150705	24624.9794239	20083429.6749	11.0	1.0
754	20150706	24624.9794239	20083429.6749	11.0	1.0
718	20150707	24624.9794239	20083429.6749	11.0	1.0
728	20150708	24624.9794239	20083429.6749	11.0	1.0
582	20150709	24624.9794239	20083429.6749	11.0	1.0
806	20150710	24624.9794239	20083429.6749	11.0	1.0
684	20150711	24624.9794239	20083429.6749	11.0	1.0
671	20150712	24624.9794239	20083429.6749	11.0	1.0
584	20150713	24624.9794239	20083429.6749	11.0	1.0
762	20150714	24624.9794239	20083429.6749	11.0	1.0
628	20150715	24624.9794239	20083429.6749	11.0	1.0
846	20150716	24624.9794239	20083429.6749	11.0	1.0
827	20150717	24624.9794239	20083429.6749	11.0	1.0
622	20150718	24624.9794239	20083429.6749	11.0	1.0
592	20150719	24624.9794239	20083429.6749	11.0	1.0
697	20150720	24624.9794239	20083429.6749	11.0	1.0
755	20150721	24624.9794239	20083429.6749	11.0	1.0
626	20150722	24624.9794239	20083429.6749	11.0	1.0
595	20150723	24624.9794239	20083429.6749	11.0	1.0
665	20150724	24624.9794239	20083429.6749	11.0	1.0
698	20150725	24624.9794239	20083429.6749	11.0	1.0
702	20150726	24624.9794239	20083429.6749	11.0	1.0
820	20150727	24624.9794239	20083429.6749	11.0	1.0
647	20150728	24624.9794239	20083429.6749	11.0	1.0
747	20150729	24624.9794239	20083429.6749	11.0	1.0
702	20150730	24624.9794239	20083429.6749	11.0	1.0
762	20150731	24624.9794239	20083429.6749	11.0	1.0
748	20150801	24624.9794239	20083429.6749	11.0	1.0
605	20150802	24624.9794239	20083429.6749	11.0	1.0
727	20150803	24624.9794239	20083429.6749	11.0	1.0
816	20150804	24624.9794239	20083429.6749	11.0	1.0
685	20150805	24624.9794239	20083429.6749	11.0	1.0
745	20150806	24624.9794239	20083429.6749	11.0	1.0
518	20150807	24624.9794239	20083429.6749	11.0	1.0
687	20150808	24624.9794239	20083429.6749	11.0	1.0
714	20150809	24624.9794239	20083429.6749	11.0	1.0
751	20150810	24624.9794239	20083429.6749	11.0	1.0
753	20150811	24624.9794239	20083429.6749	11.0	1.0
757	20150812	24624.9794239	20083429.6749	11.0	1.0
654	20150813	24624.9794239	20083429.6749	11.0	1.0
650	20150814	24624.9794239	20083429.6749	11.0	1.0
684	20150815	24624.9794239	20083429.6749	11.0	1.0
545	20150816	24624.9794239	20083429.6749	11.0	1.0
857	20150817	24624.9794239	20083429.6749	11.0	1.0
742	20150818	24624.9794239	20083429.6749	11.0	1.0
708	20150819	24624.9794239	20083429.6749	11.0	1.0
703	20150820	24624.9794239	20083429.6749	11.0	1.0
647	20150821	24624.9794239	20083429.6749	11.0	1.0
628	20150822	24624.9794239	20083429.6749	11.0	1.0
539	20150823	24624.9794239	20083429.6749	11.0	1.0
726	20150824	24624.9794239	20083429.6749	11.0	1.0
591	20150825	24624.9794239	20083429.6749	11.0	1.0
672	20150826	24624.9794239	20083429.6749	11.0	1.0
632	20150827	24624.9794239	20083429.6749	11.0	1.0
780	20150828	24624.9794239	20083429.6749	11.0	1.0
656	20150829	24624.9794239	20083429.6749	11.0	1.0
548	20150830	24624.9794239	20083429.6749	11.0	1.0
