2	20150301	5542.46	20043180.36	2.0	2.0
8	20150302	5542.46	20043180.36	2.0	2.0
15	20150303	5542.46	20043180.36	2.0	2.0
26	20150304	5542.46	20043180.36	2.0	2.0
87	20150305	5542.46	20043180.36	2.0	2.0
8	20150306	5542.46	20043180.36	2.0	2.0
22	20150307	5542.46	20043180.36	2.0	2.0
12	20150308	5542.46	20043180.36	2.0	2.0
5	20150309	5542.46	20043180.36	2.0	2.0
17	20150310	5542.46	20043180.36	2.0	2.0
12	20150311	5542.46	20043180.36	2.0	2.0
21	20150312	5542.46	20043180.36	2.0	2.0
18	20150313	5542.46	20043180.36	2.0	2.0
12	20150314	5542.46	20043180.36	2.0	2.0
19	20150315	5542.46	20043180.36	2.0	2.0
13	20150316	5542.46	20043180.36	2.0	2.0
13	20150317	5542.46	20043180.36	2.0	2.0
13	20150318	5542.46	20043180.36	2.0	2.0
13	20150319	5542.46	20043180.36	2.0	2.0
24	20150320	5542.46	20043180.36	2.0	2.0
26	20150321	5542.46	20043180.36	2.0	2.0
12	20150322	5542.46	20043180.36	2.0	2.0
12	20150323	5542.46	20043180.36	2.0	2.0
10	20150324	5542.46	20043180.36	2.0	2.0
13	20150325	5542.46	20043180.36	2.0	2.0
16	20150326	5542.46	20043180.36	2.0	2.0
17	20150327	5542.46	20043180.36	2.0	2.0
16	20150328	5542.46	20043180.36	2.0	2.0
12	20150329	5542.46	20043180.36	2.0	2.0
15	20150330	5542.46	20043180.36	2.0	2.0
13	20150331	5542.46	20043180.36	2.0	2.0
4	20150401	5542.46	20043180.36	2.0	2.0
16	20150402	5542.46	20043180.36	2.0	2.0
19	20150403	5542.46	20043180.36	2.0	2.0
28	20150404	5542.46	20043180.36	2.0	2.0
24	20150405	5542.46	20043180.36	2.0	2.0
36	20150406	5542.46	20043180.36	2.0	2.0
11	20150407	5542.46	20043180.36	2.0	2.0
133	20150408	5542.46	20043180.36	2.0	2.0
16	20150409	5542.46	20043180.36	2.0	2.0
10	20150410	5542.46	20043180.36	2.0	2.0
11	20150411	5542.46	20043180.36	2.0	2.0
27	20150412	5542.46	20043180.36	2.0	2.0
3	20150413	5542.46	20043180.36	2.0	2.0
10	20150414	5542.46	20043180.36	2.0	2.0
23	20150415	5542.46	20043180.36	2.0	2.0
14	20150416	5542.46	20043180.36	2.0	2.0
11	20150417	5542.46	20043180.36	2.0	2.0
26	20150418	5542.46	20043180.36	2.0	2.0
8	20150419	5542.46	20043180.36	2.0	2.0
14	20150420	5542.46	20043180.36	2.0	2.0
19	20150421	5542.46	20043180.36	2.0	2.0
14	20150422	5542.46	20043180.36	2.0	2.0
9	20150423	5542.46	20043180.36	2.0	2.0
16	20150424	5542.46	20043180.36	2.0	2.0
11	20150425	5542.46	20043180.36	2.0	2.0
11	20150426	5542.46	20043180.36	2.0	2.0
18	20150427	5542.46	20043180.36	2.0	2.0
10	20150428	5542.46	20043180.36	2.0	2.0
23	20150429	5542.46	20043180.36	2.0	2.0
13	20150430	5542.46	20043180.36	2.0	2.0
14	20150501	5542.46	20043180.36	2.0	2.0
28	20150502	5542.46	20043180.36	2.0	2.0
21	20150503	5542.46	20043180.36	2.0	2.0
13	20150504	5542.46	20043180.36	2.0	2.0
11	20150505	5542.46	20043180.36	2.0	2.0
15	20150506	5542.46	20043180.36	2.0	2.0
14	20150507	5542.46	20043180.36	2.0	2.0
63	20150508	5542.46	20043180.36	2.0	2.0
100	20150509	5542.46	20043180.36	2.0	2.0
25	20150510	5542.46	20043180.36	2.0	2.0
30	20150511	5542.46	20043180.36	2.0	2.0
32	20150512	5542.46	20043180.36	2.0	2.0
35	20150513	5542.46	20043180.36	2.0	2.0
15	20150514	5542.46	20043180.36	2.0	2.0
20	20150515	5542.46	20043180.36	2.0	2.0
21	20150516	5542.46	20043180.36	2.0	2.0
19	20150517	5542.46	20043180.36	2.0	2.0
8	20150518	5542.46	20043180.36	2.0	2.0
22	20150519	5542.46	20043180.36	2.0	2.0
16	20150520	5542.46	20043180.36	2.0	2.0
11	20150521	5542.46	20043180.36	2.0	2.0
25	20150522	5542.46	20043180.36	2.0	2.0
21	20150523	5542.46	20043180.36	2.0	2.0
23	20150524	5542.46	20043180.36	2.0	2.0
16	20150525	5542.46	20043180.36	2.0	2.0
14	20150526	5542.46	20043180.36	2.0	2.0
20	20150527	5542.46	20043180.36	2.0	2.0
13	20150528	5542.46	20043180.36	2.0	2.0
26	20150529	5542.46	20043180.36	2.0	2.0
15	20150530	5542.46	20043180.36	2.0	2.0
13	20150531	5542.46	20043180.36	2.0	2.0
18	20150601	5542.46	20043180.36	2.0	2.0
27	20150602	5542.46	20043180.36	2.0	2.0
40	20150603	5542.46	20043180.36	2.0	2.0
40	20150604	5542.46	20043180.36	2.0	2.0
40	20150605	5542.46	20043180.36	2.0	2.0
24	20150606	5542.46	20043180.36	2.0	2.0
12	20150607	5542.46	20043180.36	2.0	2.0
17	20150608	5542.46	20043180.36	2.0	2.0
22	20150609	5542.46	20043180.36	2.0	2.0
35	20150610	5542.46	20043180.36	2.0	2.0
19	20150611	5542.46	20043180.36	2.0	2.0
18	20150612	5542.46	20043180.36	2.0	2.0
19	20150613	5542.46	20043180.36	2.0	2.0
16	20150614	5542.46	20043180.36	2.0	2.0
17	20150615	5542.46	20043180.36	2.0	2.0
23	20150616	5542.46	20043180.36	2.0	2.0
14	20150617	5542.46	20043180.36	2.0	2.0
11	20150618	5542.46	20043180.36	2.0	2.0
19	20150619	5542.46	20043180.36	2.0	2.0
25	20150620	5542.46	20043180.36	2.0	2.0
17	20150621	5542.46	20043180.36	2.0	2.0
21	20150622	5542.46	20043180.36	2.0	2.0
16	20150623	5542.46	20043180.36	2.0	2.0
14	20150624	5542.46	20043180.36	2.0	2.0
11	20150625	5542.46	20043180.36	2.0	2.0
14	20150626	5542.46	20043180.36	2.0	2.0
7	20150627	5542.46	20043180.36	2.0	2.0
14	20150628	5542.46	20043180.36	2.0	2.0
12	20150629	5542.46	20043180.36	2.0	2.0
12	20150630	5542.46	20043180.36	2.0	2.0
8	20150701	5542.46	20043180.36	2.0	2.0
14	20150702	5542.46	20043180.36	2.0	2.0
16	20150703	5542.46	20043180.36	2.0	2.0
11	20150704	5542.46	20043180.36	2.0	2.0
17	20150705	5542.46	20043180.36	2.0	2.0
35	20150706	5542.46	20043180.36	2.0	2.0
13	20150707	5542.46	20043180.36	2.0	2.0
10	20150708	5542.46	20043180.36	2.0	2.0
18	20150709	5542.46	20043180.36	2.0	2.0
14	20150710	5542.46	20043180.36	2.0	2.0
16	20150711	5542.46	20043180.36	2.0	2.0
15	20150712	5542.46	20043180.36	2.0	2.0
13	20150713	5542.46	20043180.36	2.0	2.0
17	20150714	5542.46	20043180.36	2.0	2.0
15	20150715	5542.46	20043180.36	2.0	2.0
13	20150716	5542.46	20043180.36	2.0	2.0
11	20150717	5542.46	20043180.36	2.0	2.0
11	20150718	5542.46	20043180.36	2.0	2.0
14	20150719	5542.46	20043180.36	2.0	2.0
10	20150720	5542.46	20043180.36	2.0	2.0
18	20150721	5542.46	20043180.36	2.0	2.0
11	20150722	5542.46	20043180.36	2.0	2.0
26	20150723	5542.46	20043180.36	2.0	2.0
16	20150724	5542.46	20043180.36	2.0	2.0
8	20150725	5542.46	20043180.36	2.0	2.0
7	20150726	5542.46	20043180.36	2.0	2.0
10	20150727	5542.46	20043180.36	2.0	2.0
15	20150728	5542.46	20043180.36	2.0	2.0
9	20150729	5542.46	20043180.36	2.0	2.0
12	20150730	5542.46	20043180.36	2.0	2.0
9	20150731	5542.46	20043180.36	2.0	2.0
10	20150801	5542.46	20043180.36	2.0	2.0
10	20150802	5542.46	20043180.36	2.0	2.0
11	20150803	5542.46	20043180.36	2.0	2.0
20	20150804	5542.46	20043180.36	2.0	2.0
16	20150805	5542.46	20043180.36	2.0	2.0
13	20150806	5542.46	20043180.36	2.0	2.0
8	20150807	5542.46	20043180.36	2.0	2.0
8	20150808	5542.46	20043180.36	2.0	2.0
12	20150809	5542.46	20043180.36	2.0	2.0
18	20150810	5542.46	20043180.36	2.0	2.0
16	20150811	5542.46	20043180.36	2.0	2.0
31	20150812	5542.46	20043180.36	2.0	2.0
11	20150813	5542.46	20043180.36	2.0	2.0
23	20150814	5542.46	20043180.36	2.0	2.0
15	20150815	5542.46	20043180.36	2.0	2.0
8	20150816	5542.46	20043180.36	2.0	2.0
27	20150817	5542.46	20043180.36	2.0	2.0
18	20150818	5542.46	20043180.36	2.0	2.0
13	20150819	5542.46	20043180.36	2.0	2.0
18	20150820	5542.46	20043180.36	2.0	2.0
23	20150821	5542.46	20043180.36	2.0	2.0
13	20150822	5542.46	20043180.36	2.0	2.0
11	20150823	5542.46	20043180.36	2.0	2.0
15	20150824	5542.46	20043180.36	2.0	2.0
16	20150825	5542.46	20043180.36	2.0	2.0
29	20150826	5542.46	20043180.36	2.0	2.0
11	20150827	5542.46	20043180.36	2.0	2.0
16	20150828	5542.46	20043180.36	2.0	2.0
30	20150829	5542.46	20043180.36	2.0	2.0
26	20150830	5542.46	20043180.36	2.0	2.0
