280	20150301	27199.5555556	20077642.2735	11.0	1.0
235	20150302	27199.5555556	20077642.2735	11.0	1.0
272	20150303	27199.5555556	20077642.2735	11.0	1.0
252	20150304	27199.5555556	20077642.2735	11.0	1.0
270	20150305	27199.5555556	20077642.2735	11.0	1.0
258	20150306	27199.5555556	20077642.2735	11.0	1.0
241	20150307	27199.5555556	20077642.2735	11.0	1.0
192	20150308	27199.5555556	20077642.2735	11.0	1.0
212	20150309	27199.5555556	20077642.2735	11.0	1.0
217	20150310	27199.5555556	20077642.2735	11.0	1.0
273	20150311	27199.5555556	20077642.2735	11.0	1.0
339	20150312	27199.5555556	20077642.2735	11.0	1.0
222	20150313	27199.5555556	20077642.2735	11.0	1.0
225	20150314	27199.5555556	20077642.2735	11.0	1.0
278	20150315	27199.5555556	20077642.2735	11.0	1.0
288	20150316	27199.5555556	20077642.2735	11.0	1.0
214	20150317	27199.5555556	20077642.2735	11.0	1.0
280	20150318	27199.5555556	20077642.2735	11.0	1.0
325	20150319	27199.5555556	20077642.2735	11.0	1.0
352	20150320	27199.5555556	20077642.2735	11.0	1.0
289	20150321	27199.5555556	20077642.2735	11.0	1.0
232	20150322	27199.5555556	20077642.2735	11.0	1.0
251	20150323	27199.5555556	20077642.2735	11.0	1.0
287	20150324	27199.5555556	20077642.2735	11.0	1.0
243	20150325	27199.5555556	20077642.2735	11.0	1.0
245	20150326	27199.5555556	20077642.2735	11.0	1.0
241	20150327	27199.5555556	20077642.2735	11.0	1.0
190	20150328	27199.5555556	20077642.2735	11.0	1.0
323	20150329	27199.5555556	20077642.2735	11.0	1.0
286	20150330	27199.5555556	20077642.2735	11.0	1.0
401	20150331	27199.5555556	20077642.2735	11.0	1.0
390	20150401	27199.5555556	20077642.2735	11.0	1.0
300	20150402	27199.5555556	20077642.2735	11.0	1.0
357	20150403	27199.5555556	20077642.2735	11.0	1.0
260	20150404	27199.5555556	20077642.2735	11.0	1.0
293	20150405	27199.5555556	20077642.2735	11.0	1.0
358	20150406	27199.5555556	20077642.2735	11.0	1.0
376	20150407	27199.5555556	20077642.2735	11.0	1.0
391	20150408	27199.5555556	20077642.2735	11.0	1.0
398	20150409	27199.5555556	20077642.2735	11.0	1.0
310	20150410	27199.5555556	20077642.2735	11.0	1.0
307	20150411	27199.5555556	20077642.2735	11.0	1.0
315	20150412	27199.5555556	20077642.2735	11.0	1.0
374	20150413	27199.5555556	20077642.2735	11.0	1.0
395	20150414	27199.5555556	20077642.2735	11.0	1.0
340	20150415	27199.5555556	20077642.2735	11.0	1.0
371	20150416	27199.5555556	20077642.2735	11.0	1.0
336	20150417	27199.5555556	20077642.2735	11.0	1.0
327	20150418	27199.5555556	20077642.2735	11.0	1.0
295	20150419	27199.5555556	20077642.2735	11.0	1.0
352	20150420	27199.5555556	20077642.2735	11.0	1.0
310	20150421	27199.5555556	20077642.2735	11.0	1.0
303	20150422	27199.5555556	20077642.2735	11.0	1.0
321	20150423	27199.5555556	20077642.2735	11.0	1.0
306	20150424	27199.5555556	20077642.2735	11.0	1.0
357	20150425	27199.5555556	20077642.2735	11.0	1.0
442	20150426	27199.5555556	20077642.2735	11.0	1.0
496	20150427	27199.5555556	20077642.2735	11.0	1.0
316	20150428	27199.5555556	20077642.2735	11.0	1.0
285	20150429	27199.5555556	20077642.2735	11.0	1.0
275	20150430	27199.5555556	20077642.2735	11.0	1.0
317	20150501	27199.5555556	20077642.2735	11.0	1.0
335	20150502	27199.5555556	20077642.2735	11.0	1.0
397	20150503	27199.5555556	20077642.2735	11.0	1.0
410	20150504	27199.5555556	20077642.2735	11.0	1.0
478	20150505	27199.5555556	20077642.2735	11.0	1.0
300	20150506	27199.5555556	20077642.2735	11.0	1.0
591	20150507	27199.5555556	20077642.2735	11.0	1.0
805	20150508	27199.5555556	20077642.2735	11.0	1.0
495	20150509	27199.5555556	20077642.2735	11.0	1.0
567	20150510	27199.5555556	20077642.2735	11.0	1.0
448	20150511	27199.5555556	20077642.2735	11.0	1.0
473	20150512	27199.5555556	20077642.2735	11.0	1.0
634	20150513	27199.5555556	20077642.2735	11.0	1.0
536	20150514	27199.5555556	20077642.2735	11.0	1.0
580	20150515	27199.5555556	20077642.2735	11.0	1.0
555	20150516	27199.5555556	20077642.2735	11.0	1.0
535	20150517	27199.5555556	20077642.2735	11.0	1.0
518	20150518	27199.5555556	20077642.2735	11.0	1.0
512	20150519	27199.5555556	20077642.2735	11.0	1.0
479	20150520	27199.5555556	20077642.2735	11.0	1.0
454	20150521	27199.5555556	20077642.2735	11.0	1.0
489	20150522	27199.5555556	20077642.2735	11.0	1.0
464	20150523	27199.5555556	20077642.2735	11.0	1.0
545	20150524	27199.5555556	20077642.2735	11.0	1.0
438	20150525	27199.5555556	20077642.2735	11.0	1.0
426	20150526	27199.5555556	20077642.2735	11.0	1.0
502	20150527	27199.5555556	20077642.2735	11.0	1.0
501	20150528	27199.5555556	20077642.2735	11.0	1.0
416	20150529	27199.5555556	20077642.2735	11.0	1.0
389	20150530	27199.5555556	20077642.2735	11.0	1.0
375	20150531	27199.5555556	20077642.2735	11.0	1.0
401	20150601	27199.5555556	20077642.2735	11.0	1.0
423	20150602	27199.5555556	20077642.2735	11.0	1.0
447	20150603	27199.5555556	20077642.2735	11.0	1.0
312	20150604	27199.5555556	20077642.2735	11.0	1.0
422	20150605	27199.5555556	20077642.2735	11.0	1.0
374	20150606	27199.5555556	20077642.2735	11.0	1.0
413	20150607	27199.5555556	20077642.2735	11.0	1.0
414	20150608	27199.5555556	20077642.2735	11.0	1.0
660	20150609	27199.5555556	20077642.2735	11.0	1.0
556	20150610	27199.5555556	20077642.2735	11.0	1.0
537	20150611	27199.5555556	20077642.2735	11.0	1.0
567	20150612	27199.5555556	20077642.2735	11.0	1.0
451	20150613	27199.5555556	20077642.2735	11.0	1.0
374	20150614	27199.5555556	20077642.2735	11.0	1.0
472	20150615	27199.5555556	20077642.2735	11.0	1.0
397	20150616	27199.5555556	20077642.2735	11.0	1.0
408	20150617	27199.5555556	20077642.2735	11.0	1.0
423	20150618	27199.5555556	20077642.2735	11.0	1.0
465	20150619	27199.5555556	20077642.2735	11.0	1.0
355	20150620	27199.5555556	20077642.2735	11.0	1.0
397	20150621	27199.5555556	20077642.2735	11.0	1.0
672	20150622	27199.5555556	20077642.2735	11.0	1.0
460	20150623	27199.5555556	20077642.2735	11.0	1.0
417	20150624	27199.5555556	20077642.2735	11.0	1.0
514	20150625	27199.5555556	20077642.2735	11.0	1.0
553	20150626	27199.5555556	20077642.2735	11.0	1.0
389	20150627	27199.5555556	20077642.2735	11.0	1.0
536	20150628	27199.5555556	20077642.2735	11.0	1.0
436	20150629	27199.5555556	20077642.2735	11.0	1.0
476	20150630	27199.5555556	20077642.2735	11.0	1.0
458	20150701	27199.5555556	20077642.2735	11.0	1.0
519	20150702	27199.5555556	20077642.2735	11.0	1.0
517	20150703	27199.5555556	20077642.2735	11.0	1.0
414	20150704	27199.5555556	20077642.2735	11.0	1.0
398	20150705	27199.5555556	20077642.2735	11.0	1.0
461	20150706	27199.5555556	20077642.2735	11.0	1.0
495	20150707	27199.5555556	20077642.2735	11.0	1.0
479	20150708	27199.5555556	20077642.2735	11.0	1.0
457	20150709	27199.5555556	20077642.2735	11.0	1.0
456	20150710	27199.5555556	20077642.2735	11.0	1.0
458	20150711	27199.5555556	20077642.2735	11.0	1.0
552	20150712	27199.5555556	20077642.2735	11.0	1.0
432	20150713	27199.5555556	20077642.2735	11.0	1.0
527	20150714	27199.5555556	20077642.2735	11.0	1.0
469	20150715	27199.5555556	20077642.2735	11.0	1.0
384	20150716	27199.5555556	20077642.2735	11.0	1.0
386	20150717	27199.5555556	20077642.2735	11.0	1.0
344	20150718	27199.5555556	20077642.2735	11.0	1.0
341	20150719	27199.5555556	20077642.2735	11.0	1.0
444	20150720	27199.5555556	20077642.2735	11.0	1.0
540	20150721	27199.5555556	20077642.2735	11.0	1.0
1866	20150722	27199.5555556	20077642.2735	11.0	1.0
4243	20150723	27199.5555556	20077642.2735	11.0	1.0
5880	20150724	27199.5555556	20077642.2735	11.0	1.0
5431	20150725	27199.5555556	20077642.2735	11.0	1.0
5170	20150726	27199.5555556	20077642.2735	11.0	1.0
4780	20150727	27199.5555556	20077642.2735	11.0	1.0
4824	20150728	27199.5555556	20077642.2735	11.0	1.0
4544	20150729	27199.5555556	20077642.2735	11.0	1.0
4248	20150730	27199.5555556	20077642.2735	11.0	1.0
4216	20150731	27199.5555556	20077642.2735	11.0	1.0
3201	20150801	27199.5555556	20077642.2735	11.0	1.0
2958	20150802	27199.5555556	20077642.2735	11.0	1.0
3931	20150803	27199.5555556	20077642.2735	11.0	1.0
3200	20150804	27199.5555556	20077642.2735	11.0	1.0
3365	20150805	27199.5555556	20077642.2735	11.0	1.0
2794	20150806	27199.5555556	20077642.2735	11.0	1.0
2629	20150807	27199.5555556	20077642.2735	11.0	1.0
2419	20150808	27199.5555556	20077642.2735	11.0	1.0
2395	20150809	27199.5555556	20077642.2735	11.0	1.0
2647	20150810	27199.5555556	20077642.2735	11.0	1.0
3223	20150811	27199.5555556	20077642.2735	11.0	1.0
2758	20150812	27199.5555556	20077642.2735	11.0	1.0
2362	20150813	27199.5555556	20077642.2735	11.0	1.0
2454	20150814	27199.5555556	20077642.2735	11.0	1.0
2082	20150815	27199.5555556	20077642.2735	11.0	1.0
2194	20150816	27199.5555556	20077642.2735	11.0	1.0
2060	20150817	27199.5555556	20077642.2735	11.0	1.0
2053	20150818	27199.5555556	20077642.2735	11.0	1.0
1910	20150819	27199.5555556	20077642.2735	11.0	1.0
1936	20150820	27199.5555556	20077642.2735	11.0	1.0
1895	20150821	27199.5555556	20077642.2735	11.0	1.0
1578	20150822	27199.5555556	20077642.2735	11.0	1.0
1621	20150823	27199.5555556	20077642.2735	11.0	1.0
1987	20150824	27199.5555556	20077642.2735	11.0	1.0
1910	20150825	27199.5555556	20077642.2735	11.0	1.0
1883	20150826	27199.5555556	20077642.2735	11.0	1.0
1684	20150827	27199.5555556	20077642.2735	11.0	1.0
1415	20150828	27199.5555556	20077642.2735	11.0	1.0
1502	20150829	27199.5555556	20077642.2735	11.0	1.0
1463	20150830	27199.5555556	20077642.2735	11.0	1.0
