26	20150301	1151.98591549	19925419.1496	2.31690140845	2.0
26	20150302	1151.98591549	19925419.1496	2.31690140845	2.0
71	20150303	1151.98591549	19925419.1496	2.31690140845	2.0
54	20150304	1151.98591549	19925419.1496	2.31690140845	2.0
33	20150305	1151.98591549	19925419.1496	2.31690140845	2.0
34	20150306	1151.98591549	19925419.1496	2.31690140845	2.0
101	20150307	1151.98591549	19925419.1496	2.31690140845	2.0
53	20150308	1151.98591549	19925419.1496	2.31690140845	2.0
36	20150309	1151.98591549	19925419.1496	2.31690140845	2.0
153	20150310	1151.98591549	19925419.1496	2.31690140845	2.0
42	20150311	1151.98591549	19925419.1496	2.31690140845	2.0
60	20150312	1151.98591549	19925419.1496	2.31690140845	2.0
25	20150313	1151.98591549	19925419.1496	2.31690140845	2.0
180	20150314	1151.98591549	19925419.1496	2.31690140845	2.0
7	20150315	1151.98591549	19925419.1496	2.31690140845	2.0
16	20150316	1151.98591549	19925419.1496	2.31690140845	2.0
23	20150317	1151.98591549	19925419.1496	2.31690140845	2.0
14	20150318	1151.98591549	19925419.1496	2.31690140845	2.0
103	20150319	1151.98591549	19925419.1496	2.31690140845	2.0
52	20150320	1151.98591549	19925419.1496	2.31690140845	2.0
57	20150321	1151.98591549	19925419.1496	2.31690140845	2.0
136	20150322	1151.98591549	19925419.1496	2.31690140845	2.0
21	20150323	1151.98591549	19925419.1496	2.31690140845	2.0
16	20150324	1151.98591549	19925419.1496	2.31690140845	2.0
9	20150325	1151.98591549	19925419.1496	2.31690140845	2.0
13	20150326	1151.98591549	19925419.1496	2.31690140845	2.0
42	20150327	1151.98591549	19925419.1496	2.31690140845	2.0
41	20150328	1151.98591549	19925419.1496	2.31690140845	2.0
23	20150329	1151.98591549	19925419.1496	2.31690140845	2.0
15	20150330	1151.98591549	19925419.1496	2.31690140845	2.0
23	20150331	1151.98591549	19925419.1496	2.31690140845	2.0
17	20150401	1151.98591549	19925419.1496	2.31690140845	2.0
16	20150402	1151.98591549	19925419.1496	2.31690140845	2.0
103	20150403	1151.98591549	19925419.1496	2.31690140845	2.0
41	20150404	1151.98591549	19925419.1496	2.31690140845	2.0
37	20150405	1151.98591549	19925419.1496	2.31690140845	2.0
26	20150406	1151.98591549	19925419.1496	2.31690140845	2.0
40	20150407	1151.98591549	19925419.1496	2.31690140845	2.0
79	20150408	1151.98591549	19925419.1496	2.31690140845	2.0
35	20150409	1151.98591549	19925419.1496	2.31690140845	2.0
34	20150410	1151.98591549	19925419.1496	2.31690140845	2.0
22	20150411	1151.98591549	19925419.1496	2.31690140845	2.0
56	20150412	1151.98591549	19925419.1496	2.31690140845	2.0
13	20150413	1151.98591549	19925419.1496	2.31690140845	2.0
116	20150414	1151.98591549	19925419.1496	2.31690140845	2.0
120	20150415	1151.98591549	19925419.1496	2.31690140845	2.0
111	20150416	1151.98591549	19925419.1496	2.31690140845	2.0
37	20150417	1151.98591549	19925419.1496	2.31690140845	2.0
87	20150418	1151.98591549	19925419.1496	2.31690140845	2.0
49	20150419	1151.98591549	19925419.1496	2.31690140845	2.0
70	20150420	1151.98591549	19925419.1496	2.31690140845	2.0
32	20150421	1151.98591549	19925419.1496	2.31690140845	2.0
24	20150422	1151.98591549	19925419.1496	2.31690140845	2.0
40	20150423	1151.98591549	19925419.1496	2.31690140845	2.0
56	20150424	1151.98591549	19925419.1496	2.31690140845	2.0
78	20150425	1151.98591549	19925419.1496	2.31690140845	2.0
83	20150426	1151.98591549	19925419.1496	2.31690140845	2.0
84	20150427	1151.98591549	19925419.1496	2.31690140845	2.0
27	20150428	1151.98591549	19925419.1496	2.31690140845	2.0
28	20150429	1151.98591549	19925419.1496	2.31690140845	2.0
27	20150430	1151.98591549	19925419.1496	2.31690140845	2.0
82	20150501	1151.98591549	19925419.1496	2.31690140845	2.0
28	20150502	1151.98591549	19925419.1496	2.31690140845	2.0
13	20150503	1151.98591549	19925419.1496	2.31690140845	2.0
84	20150504	1151.98591549	19925419.1496	2.31690140845	2.0
97	20150505	1151.98591549	19925419.1496	2.31690140845	2.0
12	20150506	1151.98591549	19925419.1496	2.31690140845	2.0
92	20150507	1151.98591549	19925419.1496	2.31690140845	2.0
24	20150508	1151.98591549	19925419.1496	2.31690140845	2.0
22	20150509	1151.98591549	19925419.1496	2.31690140845	2.0
17	20150510	1151.98591549	19925419.1496	2.31690140845	2.0
55	20150511	1151.98591549	19925419.1496	2.31690140845	2.0
49	20150512	1151.98591549	19925419.1496	2.31690140845	2.0
70	20150513	1151.98591549	19925419.1496	2.31690140845	2.0
28	20150514	1151.98591549	19925419.1496	2.31690140845	2.0
67	20150515	1151.98591549	19925419.1496	2.31690140845	2.0
33	20150516	1151.98591549	19925419.1496	2.31690140845	2.0
38	20150517	1151.98591549	19925419.1496	2.31690140845	2.0
43	20150518	1151.98591549	19925419.1496	2.31690140845	2.0
43	20150519	1151.98591549	19925419.1496	2.31690140845	2.0
19	20150520	1151.98591549	19925419.1496	2.31690140845	2.0
31	20150521	1151.98591549	19925419.1496	2.31690140845	2.0
27	20150522	1151.98591549	19925419.1496	2.31690140845	2.0
42	20150523	1151.98591549	19925419.1496	2.31690140845	2.0
16	20150524	1151.98591549	19925419.1496	2.31690140845	2.0
27	20150525	1151.98591549	19925419.1496	2.31690140845	2.0
33	20150526	1151.98591549	19925419.1496	2.31690140845	2.0
76	20150527	1151.98591549	19925419.1496	2.31690140845	2.0
58	20150528	1151.98591549	19925419.1496	2.31690140845	2.0
28	20150529	1151.98591549	19925419.1496	2.31690140845	2.0
29	20150530	1151.98591549	19925419.1496	2.31690140845	2.0
52	20150531	1151.98591549	19925419.1496	2.31690140845	2.0
42	20150601	1151.98591549	19925419.1496	2.31690140845	2.0
37	20150602	1151.98591549	19925419.1496	2.31690140845	2.0
28	20150603	1151.98591549	19925419.1496	2.31690140845	2.0
28	20150604	1151.98591549	19925419.1496	2.31690140845	2.0
36	20150605	1151.98591549	19925419.1496	2.31690140845	2.0
82	20150606	1151.98591549	19925419.1496	2.31690140845	2.0
27	20150607	1151.98591549	19925419.1496	2.31690140845	2.0
140	20150608	1151.98591549	19925419.1496	2.31690140845	2.0
72	20150609	1151.98591549	19925419.1496	2.31690140845	2.0
130	20150610	1151.98591549	19925419.1496	2.31690140845	2.0
101	20150611	1151.98591549	19925419.1496	2.31690140845	2.0
45	20150612	1151.98591549	19925419.1496	2.31690140845	2.0
29	20150613	1151.98591549	19925419.1496	2.31690140845	2.0
58	20150614	1151.98591549	19925419.1496	2.31690140845	2.0
51	20150615	1151.98591549	19925419.1496	2.31690140845	2.0
23	20150616	1151.98591549	19925419.1496	2.31690140845	2.0
60	20150617	1151.98591549	19925419.1496	2.31690140845	2.0
58	20150618	1151.98591549	19925419.1496	2.31690140845	2.0
31	20150619	1151.98591549	19925419.1496	2.31690140845	2.0
38	20150620	1151.98591549	19925419.1496	2.31690140845	2.0
47	20150621	1151.98591549	19925419.1496	2.31690140845	2.0
85	20150622	1151.98591549	19925419.1496	2.31690140845	2.0
90	20150623	1151.98591549	19925419.1496	2.31690140845	2.0
100	20150624	1151.98591549	19925419.1496	2.31690140845	2.0
61	20150625	1151.98591549	19925419.1496	2.31690140845	2.0
56	20150626	1151.98591549	19925419.1496	2.31690140845	2.0
40	20150627	1151.98591549	19925419.1496	2.31690140845	2.0
34	20150628	1151.98591549	19925419.1496	2.31690140845	2.0
38	20150629	1151.98591549	19925419.1496	2.31690140845	2.0
61	20150630	1151.98591549	19925419.1496	2.31690140845	2.0
34	20150701	1151.98591549	19925419.1496	2.31690140845	2.0
65	20150702	1151.98591549	19925419.1496	2.31690140845	2.0
74	20150703	1151.98591549	19925419.1496	2.31690140845	2.0
54	20150704	1151.98591549	19925419.1496	2.31690140845	2.0
36	20150705	1151.98591549	19925419.1496	2.31690140845	2.0
57	20150706	1151.98591549	19925419.1496	2.31690140845	2.0
49	20150707	1151.98591549	19925419.1496	2.31690140845	2.0
74	20150708	1151.98591549	19925419.1496	2.31690140845	2.0
31	20150709	1151.98591549	19925419.1496	2.31690140845	2.0
39	20150710	1151.98591549	19925419.1496	2.31690140845	2.0
87	20150711	1151.98591549	19925419.1496	2.31690140845	2.0
101	20150712	1151.98591549	19925419.1496	2.31690140845	2.0
31	20150713	1151.98591549	19925419.1496	2.31690140845	2.0
31	20150714	1151.98591549	19925419.1496	2.31690140845	2.0
27	20150715	1151.98591549	19925419.1496	2.31690140845	2.0
21	20150716	1151.98591549	19925419.1496	2.31690140845	2.0
43	20150717	1151.98591549	19925419.1496	2.31690140845	2.0
40	20150718	1151.98591549	19925419.1496	2.31690140845	2.0
31	20150719	1151.98591549	19925419.1496	2.31690140845	2.0
46	20150720	1151.98591549	19925419.1496	2.31690140845	2.0
40	20150721	1151.98591549	19925419.1496	2.31690140845	2.0
37	20150722	1151.98591549	19925419.1496	2.31690140845	2.0
33	20150723	1151.98591549	19925419.1496	2.31690140845	2.0
70	20150724	1151.98591549	19925419.1496	2.31690140845	2.0
42	20150725	1151.98591549	19925419.1496	2.31690140845	2.0
37	20150726	1151.98591549	19925419.1496	2.31690140845	2.0
58	20150727	1151.98591549	19925419.1496	2.31690140845	2.0
33	20150728	1151.98591549	19925419.1496	2.31690140845	2.0
35	20150729	1151.98591549	19925419.1496	2.31690140845	2.0
30	20150730	1151.98591549	19925419.1496	2.31690140845	2.0
118	20150731	1151.98591549	19925419.1496	2.31690140845	2.0
40	20150801	1151.98591549	19925419.1496	2.31690140845	2.0
27	20150802	1151.98591549	19925419.1496	2.31690140845	2.0
20	20150803	1151.98591549	19925419.1496	2.31690140845	2.0
23	20150804	1151.98591549	19925419.1496	2.31690140845	2.0
45	20150805	1151.98591549	19925419.1496	2.31690140845	2.0
25	20150806	1151.98591549	19925419.1496	2.31690140845	2.0
51	20150807	1151.98591549	19925419.1496	2.31690140845	2.0
72	20150808	1151.98591549	19925419.1496	2.31690140845	2.0
50	20150809	1151.98591549	19925419.1496	2.31690140845	2.0
19	20150810	1151.98591549	19925419.1496	2.31690140845	2.0
63	20150811	1151.98591549	19925419.1496	2.31690140845	2.0
78	20150812	1151.98591549	19925419.1496	2.31690140845	2.0
32	20150813	1151.98591549	19925419.1496	2.31690140845	2.0
44	20150814	1151.98591549	19925419.1496	2.31690140845	2.0
44	20150815	1151.98591549	19925419.1496	2.31690140845	2.0
64	20150816	1151.98591549	19925419.1496	2.31690140845	2.0
15	20150817	1151.98591549	19925419.1496	2.31690140845	2.0
14	20150818	1151.98591549	19925419.1496	2.31690140845	2.0
30	20150819	1151.98591549	19925419.1496	2.31690140845	2.0
27	20150820	1151.98591549	19925419.1496	2.31690140845	2.0
16	20150821	1151.98591549	19925419.1496	2.31690140845	2.0
24	20150822	1151.98591549	19925419.1496	2.31690140845	2.0
30	20150823	1151.98591549	19925419.1496	2.31690140845	2.0
34	20150824	1151.98591549	19925419.1496	2.31690140845	2.0
58	20150825	1151.98591549	19925419.1496	2.31690140845	2.0
16	20150826	1151.98591549	19925419.1496	2.31690140845	2.0
25	20150827	1151.98591549	19925419.1496	2.31690140845	2.0
34	20150828	1151.98591549	19925419.1496	2.31690140845	2.0
25	20150829	1151.98591549	19925419.1496	2.31690140845	2.0
35	20150830	1151.98591549	19925419.1496	2.31690140845	2.0
