1651	20150301	35409.8545706	20086446.2452	3.99445983379	3.0
1407	20150302	35409.8545706	20086446.2452	3.99445983379	3.0
1564	20150303	35409.8545706	20086446.2452	3.99445983379	3.0
1569	20150304	35409.8545706	20086446.2452	3.99445983379	3.0
1409	20150305	35409.8545706	20086446.2452	3.99445983379	3.0
1471	20150306	35409.8545706	20086446.2452	3.99445983379	3.0
1528	20150307	35409.8545706	20086446.2452	3.99445983379	3.0
1375	20150308	35409.8545706	20086446.2452	3.99445983379	3.0
1335	20150309	35409.8545706	20086446.2452	3.99445983379	3.0
1490	20150310	35409.8545706	20086446.2452	3.99445983379	3.0
1536	20150311	35409.8545706	20086446.2452	3.99445983379	3.0
1444	20150312	35409.8545706	20086446.2452	3.99445983379	3.0
1441	20150313	35409.8545706	20086446.2452	3.99445983379	3.0
1352	20150314	35409.8545706	20086446.2452	3.99445983379	3.0
1520	20150315	35409.8545706	20086446.2452	3.99445983379	3.0
1475	20150316	35409.8545706	20086446.2452	3.99445983379	3.0
1332	20150317	35409.8545706	20086446.2452	3.99445983379	3.0
1630	20150318	35409.8545706	20086446.2452	3.99445983379	3.0
1632	20150319	35409.8545706	20086446.2452	3.99445983379	3.0
1578	20150320	35409.8545706	20086446.2452	3.99445983379	3.0
1545	20150321	35409.8545706	20086446.2452	3.99445983379	3.0
1597	20150322	35409.8545706	20086446.2452	3.99445983379	3.0
1748	20150323	35409.8545706	20086446.2452	3.99445983379	3.0
1522	20150324	35409.8545706	20086446.2452	3.99445983379	3.0
1620	20150325	35409.8545706	20086446.2452	3.99445983379	3.0
1528	20150326	35409.8545706	20086446.2452	3.99445983379	3.0
1507	20150327	35409.8545706	20086446.2452	3.99445983379	3.0
1400	20150328	35409.8545706	20086446.2452	3.99445983379	3.0
1477	20150329	35409.8545706	20086446.2452	3.99445983379	3.0
1511	20150330	35409.8545706	20086446.2452	3.99445983379	3.0
1699	20150331	35409.8545706	20086446.2452	3.99445983379	3.0
2051	20150401	35409.8545706	20086446.2452	3.99445983379	3.0
1975	20150402	35409.8545706	20086446.2452	3.99445983379	3.0
2012	20150403	35409.8545706	20086446.2452	3.99445983379	3.0
1593	20150404	35409.8545706	20086446.2452	3.99445983379	3.0
1783	20150405	35409.8545706	20086446.2452	3.99445983379	3.0
1921	20150406	35409.8545706	20086446.2452	3.99445983379	3.0
1817	20150407	35409.8545706	20086446.2452	3.99445983379	3.0
1855	20150408	35409.8545706	20086446.2452	3.99445983379	3.0
1733	20150409	35409.8545706	20086446.2452	3.99445983379	3.0
1869	20150410	35409.8545706	20086446.2452	3.99445983379	3.0
2104	20150411	35409.8545706	20086446.2452	3.99445983379	3.0
2180	20150412	35409.8545706	20086446.2452	3.99445983379	3.0
1965	20150413	35409.8545706	20086446.2452	3.99445983379	3.0
1915	20150414	35409.8545706	20086446.2452	3.99445983379	3.0
1974	20150415	35409.8545706	20086446.2452	3.99445983379	3.0
1804	20150416	35409.8545706	20086446.2452	3.99445983379	3.0
1570	20150417	35409.8545706	20086446.2452	3.99445983379	3.0
1817	20150418	35409.8545706	20086446.2452	3.99445983379	3.0
1665	20150419	35409.8545706	20086446.2452	3.99445983379	3.0
1794	20150420	35409.8545706	20086446.2452	3.99445983379	3.0
1945	20150421	35409.8545706	20086446.2452	3.99445983379	3.0
2061	20150422	35409.8545706	20086446.2452	3.99445983379	3.0
1880	20150423	35409.8545706	20086446.2452	3.99445983379	3.0
1936	20150424	35409.8545706	20086446.2452	3.99445983379	3.0
1867	20150425	35409.8545706	20086446.2452	3.99445983379	3.0
2037	20150426	35409.8545706	20086446.2452	3.99445983379	3.0
1802	20150427	35409.8545706	20086446.2452	3.99445983379	3.0
1872	20150428	35409.8545706	20086446.2452	3.99445983379	3.0
2087	20150429	35409.8545706	20086446.2452	3.99445983379	3.0
1700	20150430	35409.8545706	20086446.2452	3.99445983379	3.0
1841	20150501	35409.8545706	20086446.2452	3.99445983379	3.0
1783	20150502	35409.8545706	20086446.2452	3.99445983379	3.0
1712	20150503	35409.8545706	20086446.2452	3.99445983379	3.0
1796	20150504	35409.8545706	20086446.2452	3.99445983379	3.0
2124	20150505	35409.8545706	20086446.2452	3.99445983379	3.0
2102	20150506	35409.8545706	20086446.2452	3.99445983379	3.0
2524	20150507	35409.8545706	20086446.2452	3.99445983379	3.0
2750	20150508	35409.8545706	20086446.2452	3.99445983379	3.0
2622	20150509	35409.8545706	20086446.2452	3.99445983379	3.0
2475	20150510	35409.8545706	20086446.2452	3.99445983379	3.0
2534	20150511	35409.8545706	20086446.2452	3.99445983379	3.0
2873	20150512	35409.8545706	20086446.2452	3.99445983379	3.0
2746	20150513	35409.8545706	20086446.2452	3.99445983379	3.0
2522	20150514	35409.8545706	20086446.2452	3.99445983379	3.0
2490	20150515	35409.8545706	20086446.2452	3.99445983379	3.0
2256	20150516	35409.8545706	20086446.2452	3.99445983379	3.0
2337	20150517	35409.8545706	20086446.2452	3.99445983379	3.0
2440	20150518	35409.8545706	20086446.2452	3.99445983379	3.0
2508	20150519	35409.8545706	20086446.2452	3.99445983379	3.0
2492	20150520	35409.8545706	20086446.2452	3.99445983379	3.0
2450	20150521	35409.8545706	20086446.2452	3.99445983379	3.0
2542	20150522	35409.8545706	20086446.2452	3.99445983379	3.0
2157	20150523	35409.8545706	20086446.2452	3.99445983379	3.0
2421	20150524	35409.8545706	20086446.2452	3.99445983379	3.0
2319	20150525	35409.8545706	20086446.2452	3.99445983379	3.0
2442	20150526	35409.8545706	20086446.2452	3.99445983379	3.0
2466	20150527	35409.8545706	20086446.2452	3.99445983379	3.0
2443	20150528	35409.8545706	20086446.2452	3.99445983379	3.0
2261	20150529	35409.8545706	20086446.2452	3.99445983379	3.0
2256	20150530	35409.8545706	20086446.2452	3.99445983379	3.0
2304	20150531	35409.8545706	20086446.2452	3.99445983379	3.0
2450	20150601	35409.8545706	20086446.2452	3.99445983379	3.0
2585	20150602	35409.8545706	20086446.2452	3.99445983379	3.0
2470	20150603	35409.8545706	20086446.2452	3.99445983379	3.0
2666	20150604	35409.8545706	20086446.2452	3.99445983379	3.0
2520	20150605	35409.8545706	20086446.2452	3.99445983379	3.0
2549	20150606	35409.8545706	20086446.2452	3.99445983379	3.0
2244	20150607	35409.8545706	20086446.2452	3.99445983379	3.0
2225	20150608	35409.8545706	20086446.2452	3.99445983379	3.0
2429	20150609	35409.8545706	20086446.2452	3.99445983379	3.0
2157	20150610	35409.8545706	20086446.2452	3.99445983379	3.0
2224	20150611	35409.8545706	20086446.2452	3.99445983379	3.0
2230	20150612	35409.8545706	20086446.2452	3.99445983379	3.0
2182	20150613	35409.8545706	20086446.2452	3.99445983379	3.0
1929	20150614	35409.8545706	20086446.2452	3.99445983379	3.0
2149	20150615	35409.8545706	20086446.2452	3.99445983379	3.0
2276	20150616	35409.8545706	20086446.2452	3.99445983379	3.0
2473	20150617	35409.8545706	20086446.2452	3.99445983379	3.0
2126	20150618	35409.8545706	20086446.2452	3.99445983379	3.0
2462	20150619	35409.8545706	20086446.2452	3.99445983379	3.0
2013	20150620	35409.8545706	20086446.2452	3.99445983379	3.0
1949	20150621	35409.8545706	20086446.2452	3.99445983379	3.0
2212	20150622	35409.8545706	20086446.2452	3.99445983379	3.0
2291	20150623	35409.8545706	20086446.2452	3.99445983379	3.0
2441	20150624	35409.8545706	20086446.2452	3.99445983379	3.0
2397	20150625	35409.8545706	20086446.2452	3.99445983379	3.0
2549	20150626	35409.8545706	20086446.2452	3.99445983379	3.0
2238	20150627	35409.8545706	20086446.2452	3.99445983379	3.0
1903	20150628	35409.8545706	20086446.2452	3.99445983379	3.0
2542	20150629	35409.8545706	20086446.2452	3.99445983379	3.0
2217	20150630	35409.8545706	20086446.2452	3.99445983379	3.0
2422	20150701	35409.8545706	20086446.2452	3.99445983379	3.0
2623	20150702	35409.8545706	20086446.2452	3.99445983379	3.0
2595	20150703	35409.8545706	20086446.2452	3.99445983379	3.0
2408	20150704	35409.8545706	20086446.2452	3.99445983379	3.0
2413	20150705	35409.8545706	20086446.2452	3.99445983379	3.0
2540	20150706	35409.8545706	20086446.2452	3.99445983379	3.0
2660	20150707	35409.8545706	20086446.2452	3.99445983379	3.0
2808	20150708	35409.8545706	20086446.2452	3.99445983379	3.0
2885	20150709	35409.8545706	20086446.2452	3.99445983379	3.0
2544	20150710	35409.8545706	20086446.2452	3.99445983379	3.0
2472	20150711	35409.8545706	20086446.2452	3.99445983379	3.0
2177	20150712	35409.8545706	20086446.2452	3.99445983379	3.0
2973	20150713	35409.8545706	20086446.2452	3.99445983379	3.0
2511	20150714	35409.8545706	20086446.2452	3.99445983379	3.0
2737	20150715	35409.8545706	20086446.2452	3.99445983379	3.0
3258	20150716	35409.8545706	20086446.2452	3.99445983379	3.0
3119	20150717	35409.8545706	20086446.2452	3.99445983379	3.0
3198	20150718	35409.8545706	20086446.2452	3.99445983379	3.0
3702	20150719	35409.8545706	20086446.2452	3.99445983379	3.0
4464	20150720	35409.8545706	20086446.2452	3.99445983379	3.0
4046	20150721	35409.8545706	20086446.2452	3.99445983379	3.0
4292	20150722	35409.8545706	20086446.2452	3.99445983379	3.0
4698	20150723	35409.8545706	20086446.2452	3.99445983379	3.0
4188	20150724	35409.8545706	20086446.2452	3.99445983379	3.0
4413	20150725	35409.8545706	20086446.2452	3.99445983379	3.0
4818	20150726	35409.8545706	20086446.2452	3.99445983379	3.0
5272	20150727	35409.8545706	20086446.2452	3.99445983379	3.0
4159	20150728	35409.8545706	20086446.2452	3.99445983379	3.0
4070	20150729	35409.8545706	20086446.2452	3.99445983379	3.0
3955	20150730	35409.8545706	20086446.2452	3.99445983379	3.0
3929	20150731	35409.8545706	20086446.2452	3.99445983379	3.0
3293	20150801	35409.8545706	20086446.2452	3.99445983379	3.0
2608	20150802	35409.8545706	20086446.2452	3.99445983379	3.0
3230	20150803	35409.8545706	20086446.2452	3.99445983379	3.0
3287	20150804	35409.8545706	20086446.2452	3.99445983379	3.0
3084	20150805	35409.8545706	20086446.2452	3.99445983379	3.0
3020	20150806	35409.8545706	20086446.2452	3.99445983379	3.0
3115	20150807	35409.8545706	20086446.2452	3.99445983379	3.0
2754	20150808	35409.8545706	20086446.2452	3.99445983379	3.0
2610	20150809	35409.8545706	20086446.2452	3.99445983379	3.0
2998	20150810	35409.8545706	20086446.2452	3.99445983379	3.0
3201	20150811	35409.8545706	20086446.2452	3.99445983379	3.0
2863	20150812	35409.8545706	20086446.2452	3.99445983379	3.0
2560	20150813	35409.8545706	20086446.2452	3.99445983379	3.0
2678	20150814	35409.8545706	20086446.2452	3.99445983379	3.0
2542	20150815	35409.8545706	20086446.2452	3.99445983379	3.0
2468	20150816	35409.8545706	20086446.2452	3.99445983379	3.0
2550	20150817	35409.8545706	20086446.2452	3.99445983379	3.0
2763	20150818	35409.8545706	20086446.2452	3.99445983379	3.0
2840	20150819	35409.8545706	20086446.2452	3.99445983379	3.0
2706	20150820	35409.8545706	20086446.2452	3.99445983379	3.0
2612	20150821	35409.8545706	20086446.2452	3.99445983379	3.0
2300	20150822	35409.8545706	20086446.2452	3.99445983379	3.0
2082	20150823	35409.8545706	20086446.2452	3.99445983379	3.0
2503	20150824	35409.8545706	20086446.2452	3.99445983379	3.0
2244	20150825	35409.8545706	20086446.2452	3.99445983379	3.0
2625	20150826	35409.8545706	20086446.2452	3.99445983379	3.0
2576	20150827	35409.8545706	20086446.2452	3.99445983379	3.0
2389	20150828	35409.8545706	20086446.2452	3.99445983379	3.0
2318	20150829	35409.8545706	20086446.2452	3.99445983379	3.0
1980	20150830	35409.8545706	20086446.2452	3.99445983379	3.0
