215	20150301	24274.1970443	20054170.7635	7.94581280788	1.0
234	20150302	24274.1970443	20054170.7635	7.94581280788	1.0
285	20150303	24274.1970443	20054170.7635	7.94581280788	1.0
175	20150304	24274.1970443	20054170.7635	7.94581280788	1.0
252	20150305	24274.1970443	20054170.7635	7.94581280788	1.0
304	20150306	24274.1970443	20054170.7635	7.94581280788	1.0
240	20150307	24274.1970443	20054170.7635	7.94581280788	1.0
236	20150308	24274.1970443	20054170.7635	7.94581280788	1.0
271	20150309	24274.1970443	20054170.7635	7.94581280788	1.0
238	20150310	24274.1970443	20054170.7635	7.94581280788	1.0
188	20150311	24274.1970443	20054170.7635	7.94581280788	1.0
234	20150312	24274.1970443	20054170.7635	7.94581280788	1.0
231	20150313	24274.1970443	20054170.7635	7.94581280788	1.0
181	20150314	24274.1970443	20054170.7635	7.94581280788	1.0
280	20150315	24274.1970443	20054170.7635	7.94581280788	1.0
203	20150316	24274.1970443	20054170.7635	7.94581280788	1.0
279	20150317	24274.1970443	20054170.7635	7.94581280788	1.0
220	20150318	24274.1970443	20054170.7635	7.94581280788	1.0
211	20150319	24274.1970443	20054170.7635	7.94581280788	1.0
311	20150320	24274.1970443	20054170.7635	7.94581280788	1.0
299	20150321	24274.1970443	20054170.7635	7.94581280788	1.0
224	20150322	24274.1970443	20054170.7635	7.94581280788	1.0
256	20150323	24274.1970443	20054170.7635	7.94581280788	1.0
281	20150324	24274.1970443	20054170.7635	7.94581280788	1.0
273	20150325	24274.1970443	20054170.7635	7.94581280788	1.0
259	20150326	24274.1970443	20054170.7635	7.94581280788	1.0
270	20150327	24274.1970443	20054170.7635	7.94581280788	1.0
195	20150328	24274.1970443	20054170.7635	7.94581280788	1.0
216	20150329	24274.1970443	20054170.7635	7.94581280788	1.0
234	20150330	24274.1970443	20054170.7635	7.94581280788	1.0
286	20150331	24274.1970443	20054170.7635	7.94581280788	1.0
249	20150401	24274.1970443	20054170.7635	7.94581280788	1.0
247	20150402	24274.1970443	20054170.7635	7.94581280788	1.0
218	20150403	24274.1970443	20054170.7635	7.94581280788	1.0
235	20150404	24274.1970443	20054170.7635	7.94581280788	1.0
183	20150405	24274.1970443	20054170.7635	7.94581280788	1.0
185	20150406	24274.1970443	20054170.7635	7.94581280788	1.0
234	20150407	24274.1970443	20054170.7635	7.94581280788	1.0
243	20150408	24274.1970443	20054170.7635	7.94581280788	1.0
297	20150409	24274.1970443	20054170.7635	7.94581280788	1.0
355	20150410	24274.1970443	20054170.7635	7.94581280788	1.0
257	20150411	24274.1970443	20054170.7635	7.94581280788	1.0
379	20150412	24274.1970443	20054170.7635	7.94581280788	1.0
271	20150413	24274.1970443	20054170.7635	7.94581280788	1.0
250	20150414	24274.1970443	20054170.7635	7.94581280788	1.0
258	20150415	24274.1970443	20054170.7635	7.94581280788	1.0
274	20150416	24274.1970443	20054170.7635	7.94581280788	1.0
269	20150417	24274.1970443	20054170.7635	7.94581280788	1.0
211	20150418	24274.1970443	20054170.7635	7.94581280788	1.0
259	20150419	24274.1970443	20054170.7635	7.94581280788	1.0
295	20150420	24274.1970443	20054170.7635	7.94581280788	1.0
301	20150421	24274.1970443	20054170.7635	7.94581280788	1.0
295	20150422	24274.1970443	20054170.7635	7.94581280788	1.0
271	20150423	24274.1970443	20054170.7635	7.94581280788	1.0
237	20150424	24274.1970443	20054170.7635	7.94581280788	1.0
177	20150425	24274.1970443	20054170.7635	7.94581280788	1.0
311	20150426	24274.1970443	20054170.7635	7.94581280788	1.0
269	20150427	24274.1970443	20054170.7635	7.94581280788	1.0
260	20150428	24274.1970443	20054170.7635	7.94581280788	1.0
265	20150429	24274.1970443	20054170.7635	7.94581280788	1.0
240	20150430	24274.1970443	20054170.7635	7.94581280788	1.0
216	20150501	24274.1970443	20054170.7635	7.94581280788	1.0
228	20150502	24274.1970443	20054170.7635	7.94581280788	1.0
258	20150503	24274.1970443	20054170.7635	7.94581280788	1.0
253	20150504	24274.1970443	20054170.7635	7.94581280788	1.0
250	20150505	24274.1970443	20054170.7635	7.94581280788	1.0
224	20150506	24274.1970443	20054170.7635	7.94581280788	1.0
198	20150507	24274.1970443	20054170.7635	7.94581280788	1.0
195	20150508	24274.1970443	20054170.7635	7.94581280788	1.0
211	20150509	24274.1970443	20054170.7635	7.94581280788	1.0
141	20150510	24274.1970443	20054170.7635	7.94581280788	1.0
192	20150511	24274.1970443	20054170.7635	7.94581280788	1.0
235	20150512	24274.1970443	20054170.7635	7.94581280788	1.0
338	20150513	24274.1970443	20054170.7635	7.94581280788	1.0
313	20150514	24274.1970443	20054170.7635	7.94581280788	1.0
285	20150515	24274.1970443	20054170.7635	7.94581280788	1.0
180	20150516	24274.1970443	20054170.7635	7.94581280788	1.0
231	20150517	24274.1970443	20054170.7635	7.94581280788	1.0
193	20150518	24274.1970443	20054170.7635	7.94581280788	1.0
252	20150519	24274.1970443	20054170.7635	7.94581280788	1.0
176	20150520	24274.1970443	20054170.7635	7.94581280788	1.0
154	20150521	24274.1970443	20054170.7635	7.94581280788	1.0
266	20150522	24274.1970443	20054170.7635	7.94581280788	1.0
249	20150523	24274.1970443	20054170.7635	7.94581280788	1.0
277	20150524	24274.1970443	20054170.7635	7.94581280788	1.0
258	20150525	24274.1970443	20054170.7635	7.94581280788	1.0
224	20150526	24274.1970443	20054170.7635	7.94581280788	1.0
205	20150527	24274.1970443	20054170.7635	7.94581280788	1.0
278	20150528	24274.1970443	20054170.7635	7.94581280788	1.0
289	20150529	24274.1970443	20054170.7635	7.94581280788	1.0
320	20150530	24274.1970443	20054170.7635	7.94581280788	1.0
222	20150531	24274.1970443	20054170.7635	7.94581280788	1.0
215	20150601	24274.1970443	20054170.7635	7.94581280788	1.0
187	20150602	24274.1970443	20054170.7635	7.94581280788	1.0
222	20150603	24274.1970443	20054170.7635	7.94581280788	1.0
190	20150604	24274.1970443	20054170.7635	7.94581280788	1.0
221	20150605	24274.1970443	20054170.7635	7.94581280788	1.0
204	20150606	24274.1970443	20054170.7635	7.94581280788	1.0
217	20150607	24274.1970443	20054170.7635	7.94581280788	1.0
256	20150608	24274.1970443	20054170.7635	7.94581280788	1.0
308	20150609	24274.1970443	20054170.7635	7.94581280788	1.0
259	20150610	24274.1970443	20054170.7635	7.94581280788	1.0
290	20150611	24274.1970443	20054170.7635	7.94581280788	1.0
230	20150612	24274.1970443	20054170.7635	7.94581280788	1.0
254	20150613	24274.1970443	20054170.7635	7.94581280788	1.0
281	20150614	24274.1970443	20054170.7635	7.94581280788	1.0
270	20150615	24274.1970443	20054170.7635	7.94581280788	1.0
246	20150616	24274.1970443	20054170.7635	7.94581280788	1.0
220	20150617	24274.1970443	20054170.7635	7.94581280788	1.0
299	20150618	24274.1970443	20054170.7635	7.94581280788	1.0
529	20150619	24274.1970443	20054170.7635	7.94581280788	1.0
439	20150620	24274.1970443	20054170.7635	7.94581280788	1.0
353	20150621	24274.1970443	20054170.7635	7.94581280788	1.0
385	20150622	24274.1970443	20054170.7635	7.94581280788	1.0
398	20150623	24274.1970443	20054170.7635	7.94581280788	1.0
351	20150624	24274.1970443	20054170.7635	7.94581280788	1.0
319	20150625	24274.1970443	20054170.7635	7.94581280788	1.0
301	20150626	24274.1970443	20054170.7635	7.94581280788	1.0
298	20150627	24274.1970443	20054170.7635	7.94581280788	1.0
276	20150628	24274.1970443	20054170.7635	7.94581280788	1.0
312	20150629	24274.1970443	20054170.7635	7.94581280788	1.0
328	20150630	24274.1970443	20054170.7635	7.94581280788	1.0
346	20150701	24274.1970443	20054170.7635	7.94581280788	1.0
283	20150702	24274.1970443	20054170.7635	7.94581280788	1.0
279	20150703	24274.1970443	20054170.7635	7.94581280788	1.0
362	20150704	24274.1970443	20054170.7635	7.94581280788	1.0
361	20150705	24274.1970443	20054170.7635	7.94581280788	1.0
357	20150706	24274.1970443	20054170.7635	7.94581280788	1.0
441	20150707	24274.1970443	20054170.7635	7.94581280788	1.0
384	20150708	24274.1970443	20054170.7635	7.94581280788	1.0
347	20150709	24274.1970443	20054170.7635	7.94581280788	1.0
462	20150710	24274.1970443	20054170.7635	7.94581280788	1.0
356	20150711	24274.1970443	20054170.7635	7.94581280788	1.0
362	20150712	24274.1970443	20054170.7635	7.94581280788	1.0
339	20150713	24274.1970443	20054170.7635	7.94581280788	1.0
292	20150714	24274.1970443	20054170.7635	7.94581280788	1.0
353	20150715	24274.1970443	20054170.7635	7.94581280788	1.0
312	20150716	24274.1970443	20054170.7635	7.94581280788	1.0
371	20150717	24274.1970443	20054170.7635	7.94581280788	1.0
286	20150718	24274.1970443	20054170.7635	7.94581280788	1.0
349	20150719	24274.1970443	20054170.7635	7.94581280788	1.0
340	20150720	24274.1970443	20054170.7635	7.94581280788	1.0
242	20150721	24274.1970443	20054170.7635	7.94581280788	1.0
394	20150722	24274.1970443	20054170.7635	7.94581280788	1.0
433	20150723	24274.1970443	20054170.7635	7.94581280788	1.0
541	20150724	24274.1970443	20054170.7635	7.94581280788	1.0
428	20150725	24274.1970443	20054170.7635	7.94581280788	1.0
468	20150726	24274.1970443	20054170.7635	7.94581280788	1.0
474	20150727	24274.1970443	20054170.7635	7.94581280788	1.0
327	20150728	24274.1970443	20054170.7635	7.94581280788	1.0
429	20150729	24274.1970443	20054170.7635	7.94581280788	1.0
638	20150730	24274.1970443	20054170.7635	7.94581280788	1.0
374	20150731	24274.1970443	20054170.7635	7.94581280788	1.0
494	20150801	24274.1970443	20054170.7635	7.94581280788	1.0
570	20150802	24274.1970443	20054170.7635	7.94581280788	1.0
401	20150803	24274.1970443	20054170.7635	7.94581280788	1.0
452	20150804	24274.1970443	20054170.7635	7.94581280788	1.0
425	20150805	24274.1970443	20054170.7635	7.94581280788	1.0
498	20150806	24274.1970443	20054170.7635	7.94581280788	1.0
481	20150807	24274.1970443	20054170.7635	7.94581280788	1.0
476	20150808	24274.1970443	20054170.7635	7.94581280788	1.0
366	20150809	24274.1970443	20054170.7635	7.94581280788	1.0
467	20150810	24274.1970443	20054170.7635	7.94581280788	1.0
431	20150811	24274.1970443	20054170.7635	7.94581280788	1.0
439	20150812	24274.1970443	20054170.7635	7.94581280788	1.0
345	20150813	24274.1970443	20054170.7635	7.94581280788	1.0
595	20150814	24274.1970443	20054170.7635	7.94581280788	1.0
601	20150815	24274.1970443	20054170.7635	7.94581280788	1.0
805	20150816	24274.1970443	20054170.7635	7.94581280788	1.0
741	20150817	24274.1970443	20054170.7635	7.94581280788	1.0
962	20150818	24274.1970443	20054170.7635	7.94581280788	1.0
805	20150819	24274.1970443	20054170.7635	7.94581280788	1.0
866	20150820	24274.1970443	20054170.7635	7.94581280788	1.0
982	20150821	24274.1970443	20054170.7635	7.94581280788	1.0
495	20150822	24274.1970443	20054170.7635	7.94581280788	1.0
643	20150823	24274.1970443	20054170.7635	7.94581280788	1.0
736	20150824	24274.1970443	20054170.7635	7.94581280788	1.0
608	20150825	24274.1970443	20054170.7635	7.94581280788	1.0
510	20150826	24274.1970443	20054170.7635	7.94581280788	1.0
403	20150827	24274.1970443	20054170.7635	7.94581280788	1.0
413	20150828	24274.1970443	20054170.7635	7.94581280788	1.0
445	20150829	24274.1970443	20054170.7635	7.94581280788	1.0
568	20150830	24274.1970443	20054170.7635	7.94581280788	1.0
