672	20150301	100080.853333	20112438.4667	3.0	3.0
643	20150302	100080.853333	20112438.4667	3.0	3.0
753	20150303	100080.853333	20112438.4667	3.0	3.0
810	20150304	100080.853333	20112438.4667	3.0	3.0
582	20150305	100080.853333	20112438.4667	3.0	3.0
701	20150306	100080.853333	20112438.4667	3.0	3.0
628	20150307	100080.853333	20112438.4667	3.0	3.0
712	20150308	100080.853333	20112438.4667	3.0	3.0
845	20150309	100080.853333	20112438.4667	3.0	3.0
753	20150310	100080.853333	20112438.4667	3.0	3.0
693	20150311	100080.853333	20112438.4667	3.0	3.0
611	20150312	100080.853333	20112438.4667	3.0	3.0
607	20150313	100080.853333	20112438.4667	3.0	3.0
540	20150314	100080.853333	20112438.4667	3.0	3.0
622	20150315	100080.853333	20112438.4667	3.0	3.0
610	20150316	100080.853333	20112438.4667	3.0	3.0
608	20150317	100080.853333	20112438.4667	3.0	3.0
802	20150318	100080.853333	20112438.4667	3.0	3.0
933	20150319	100080.853333	20112438.4667	3.0	3.0
913	20150320	100080.853333	20112438.4667	3.0	3.0
940	20150321	100080.853333	20112438.4667	3.0	3.0
903	20150322	100080.853333	20112438.4667	3.0	3.0
901	20150323	100080.853333	20112438.4667	3.0	3.0
970	20150324	100080.853333	20112438.4667	3.0	3.0
931	20150325	100080.853333	20112438.4667	3.0	3.0
1081	20150326	100080.853333	20112438.4667	3.0	3.0
1109	20150327	100080.853333	20112438.4667	3.0	3.0
992	20150328	100080.853333	20112438.4667	3.0	3.0
1162	20150329	100080.853333	20112438.4667	3.0	3.0
975	20150330	100080.853333	20112438.4667	3.0	3.0
1170	20150331	100080.853333	20112438.4667	3.0	3.0
1450	20150401	100080.853333	20112438.4667	3.0	3.0
1164	20150402	100080.853333	20112438.4667	3.0	3.0
1121	20150403	100080.853333	20112438.4667	3.0	3.0
1460	20150404	100080.853333	20112438.4667	3.0	3.0
936	20150405	100080.853333	20112438.4667	3.0	3.0
995	20150406	100080.853333	20112438.4667	3.0	3.0
1151	20150407	100080.853333	20112438.4667	3.0	3.0
1192	20150408	100080.853333	20112438.4667	3.0	3.0
1216	20150409	100080.853333	20112438.4667	3.0	3.0
1154	20150410	100080.853333	20112438.4667	3.0	3.0
1094	20150411	100080.853333	20112438.4667	3.0	3.0
1007	20150412	100080.853333	20112438.4667	3.0	3.0
1428	20150413	100080.853333	20112438.4667	3.0	3.0
1359	20150414	100080.853333	20112438.4667	3.0	3.0
1253	20150415	100080.853333	20112438.4667	3.0	3.0
1123	20150416	100080.853333	20112438.4667	3.0	3.0
970	20150417	100080.853333	20112438.4667	3.0	3.0
1010	20150418	100080.853333	20112438.4667	3.0	3.0
871	20150419	100080.853333	20112438.4667	3.0	3.0
1166	20150420	100080.853333	20112438.4667	3.0	3.0
1184	20150421	100080.853333	20112438.4667	3.0	3.0
1064	20150422	100080.853333	20112438.4667	3.0	3.0
1047	20150423	100080.853333	20112438.4667	3.0	3.0
1087	20150424	100080.853333	20112438.4667	3.0	3.0
956	20150425	100080.853333	20112438.4667	3.0	3.0
1148	20150426	100080.853333	20112438.4667	3.0	3.0
1152	20150427	100080.853333	20112438.4667	3.0	3.0
1181	20150428	100080.853333	20112438.4667	3.0	3.0
1064	20150429	100080.853333	20112438.4667	3.0	3.0
927	20150430	100080.853333	20112438.4667	3.0	3.0
789	20150501	100080.853333	20112438.4667	3.0	3.0
728	20150502	100080.853333	20112438.4667	3.0	3.0
744	20150503	100080.853333	20112438.4667	3.0	3.0
941	20150504	100080.853333	20112438.4667	3.0	3.0
732	20150505	100080.853333	20112438.4667	3.0	3.0
833	20150506	100080.853333	20112438.4667	3.0	3.0
833	20150507	100080.853333	20112438.4667	3.0	3.0
870	20150508	100080.853333	20112438.4667	3.0	3.0
873	20150509	100080.853333	20112438.4667	3.0	3.0
818	20150510	100080.853333	20112438.4667	3.0	3.0
841	20150511	100080.853333	20112438.4667	3.0	3.0
863	20150512	100080.853333	20112438.4667	3.0	3.0
825	20150513	100080.853333	20112438.4667	3.0	3.0
804	20150514	100080.853333	20112438.4667	3.0	3.0
687	20150515	100080.853333	20112438.4667	3.0	3.0
754	20150516	100080.853333	20112438.4667	3.0	3.0
647	20150517	100080.853333	20112438.4667	3.0	3.0
800	20150518	100080.853333	20112438.4667	3.0	3.0
749	20150519	100080.853333	20112438.4667	3.0	3.0
775	20150520	100080.853333	20112438.4667	3.0	3.0
741	20150521	100080.853333	20112438.4667	3.0	3.0
768	20150522	100080.853333	20112438.4667	3.0	3.0
745	20150523	100080.853333	20112438.4667	3.0	3.0
607	20150524	100080.853333	20112438.4667	3.0	3.0
638	20150525	100080.853333	20112438.4667	3.0	3.0
874	20150526	100080.853333	20112438.4667	3.0	3.0
711	20150527	100080.853333	20112438.4667	3.0	3.0
695	20150528	100080.853333	20112438.4667	3.0	3.0
700	20150529	100080.853333	20112438.4667	3.0	3.0
630	20150530	100080.853333	20112438.4667	3.0	3.0
697	20150531	100080.853333	20112438.4667	3.0	3.0
767	20150601	100080.853333	20112438.4667	3.0	3.0
749	20150602	100080.853333	20112438.4667	3.0	3.0
758	20150603	100080.853333	20112438.4667	3.0	3.0
721	20150604	100080.853333	20112438.4667	3.0	3.0
744	20150605	100080.853333	20112438.4667	3.0	3.0
774	20150606	100080.853333	20112438.4667	3.0	3.0
695	20150607	100080.853333	20112438.4667	3.0	3.0
693	20150608	100080.853333	20112438.4667	3.0	3.0
723	20150609	100080.853333	20112438.4667	3.0	3.0
800	20150610	100080.853333	20112438.4667	3.0	3.0
630	20150611	100080.853333	20112438.4667	3.0	3.0
626	20150612	100080.853333	20112438.4667	3.0	3.0
540	20150613	100080.853333	20112438.4667	3.0	3.0
518	20150614	100080.853333	20112438.4667	3.0	3.0
791	20150615	100080.853333	20112438.4667	3.0	3.0
659	20150616	100080.853333	20112438.4667	3.0	3.0
723	20150617	100080.853333	20112438.4667	3.0	3.0
590	20150618	100080.853333	20112438.4667	3.0	3.0
641	20150619	100080.853333	20112438.4667	3.0	3.0
661	20150620	100080.853333	20112438.4667	3.0	3.0
586	20150621	100080.853333	20112438.4667	3.0	3.0
724	20150622	100080.853333	20112438.4667	3.0	3.0
961	20150623	100080.853333	20112438.4667	3.0	3.0
824	20150624	100080.853333	20112438.4667	3.0	3.0
581	20150625	100080.853333	20112438.4667	3.0	3.0
593	20150626	100080.853333	20112438.4667	3.0	3.0
544	20150627	100080.853333	20112438.4667	3.0	3.0
503	20150628	100080.853333	20112438.4667	3.0	3.0
759	20150629	100080.853333	20112438.4667	3.0	3.0
785	20150630	100080.853333	20112438.4667	3.0	3.0
752	20150701	100080.853333	20112438.4667	3.0	3.0
580	20150702	100080.853333	20112438.4667	3.0	3.0
613	20150703	100080.853333	20112438.4667	3.0	3.0
588	20150704	100080.853333	20112438.4667	3.0	3.0
476	20150705	100080.853333	20112438.4667	3.0	3.0
774	20150706	100080.853333	20112438.4667	3.0	3.0
793	20150707	100080.853333	20112438.4667	3.0	3.0
726	20150708	100080.853333	20112438.4667	3.0	3.0
750	20150709	100080.853333	20112438.4667	3.0	3.0
589	20150710	100080.853333	20112438.4667	3.0	3.0
564	20150711	100080.853333	20112438.4667	3.0	3.0
468	20150712	100080.853333	20112438.4667	3.0	3.0
757	20150713	100080.853333	20112438.4667	3.0	3.0
664	20150714	100080.853333	20112438.4667	3.0	3.0
703	20150715	100080.853333	20112438.4667	3.0	3.0
754	20150716	100080.853333	20112438.4667	3.0	3.0
819	20150717	100080.853333	20112438.4667	3.0	3.0
425	20150718	100080.853333	20112438.4667	3.0	3.0
451	20150719	100080.853333	20112438.4667	3.0	3.0
667	20150720	100080.853333	20112438.4667	3.0	3.0
694	20150721	100080.853333	20112438.4667	3.0	3.0
532	20150722	100080.853333	20112438.4667	3.0	3.0
545	20150723	100080.853333	20112438.4667	3.0	3.0
579	20150724	100080.853333	20112438.4667	3.0	3.0
527	20150725	100080.853333	20112438.4667	3.0	3.0
447	20150726	100080.853333	20112438.4667	3.0	3.0
584	20150727	100080.853333	20112438.4667	3.0	3.0
489	20150728	100080.853333	20112438.4667	3.0	3.0
535	20150729	100080.853333	20112438.4667	3.0	3.0
494	20150730	100080.853333	20112438.4667	3.0	3.0
530	20150731	100080.853333	20112438.4667	3.0	3.0
403	20150801	100080.853333	20112438.4667	3.0	3.0
404	20150802	100080.853333	20112438.4667	3.0	3.0
626	20150803	100080.853333	20112438.4667	3.0	3.0
612	20150804	100080.853333	20112438.4667	3.0	3.0
654	20150805	100080.853333	20112438.4667	3.0	3.0
721	20150806	100080.853333	20112438.4667	3.0	3.0
501	20150807	100080.853333	20112438.4667	3.0	3.0
481	20150808	100080.853333	20112438.4667	3.0	3.0
493	20150809	100080.853333	20112438.4667	3.0	3.0
575	20150810	100080.853333	20112438.4667	3.0	3.0
526	20150811	100080.853333	20112438.4667	3.0	3.0
542	20150812	100080.853333	20112438.4667	3.0	3.0
500	20150813	100080.853333	20112438.4667	3.0	3.0
550	20150814	100080.853333	20112438.4667	3.0	3.0
568	20150815	100080.853333	20112438.4667	3.0	3.0
423	20150816	100080.853333	20112438.4667	3.0	3.0
589	20150817	100080.853333	20112438.4667	3.0	3.0
528	20150818	100080.853333	20112438.4667	3.0	3.0
638	20150819	100080.853333	20112438.4667	3.0	3.0
673	20150820	100080.853333	20112438.4667	3.0	3.0
690	20150821	100080.853333	20112438.4667	3.0	3.0
507	20150822	100080.853333	20112438.4667	3.0	3.0
530	20150823	100080.853333	20112438.4667	3.0	3.0
652	20150824	100080.853333	20112438.4667	3.0	3.0
515	20150825	100080.853333	20112438.4667	3.0	3.0
513	20150826	100080.853333	20112438.4667	3.0	3.0
523	20150827	100080.853333	20112438.4667	3.0	3.0
487	20150828	100080.853333	20112438.4667	3.0	3.0
407	20150829	100080.853333	20112438.4667	3.0	3.0
590	20150830	100080.853333	20112438.4667	3.0	3.0
