58	20150301	2612.92055268	19999175.3195	2.0	1.0
99	20150302	2612.92055268	19999175.3195	2.0	1.0
125	20150303	2612.92055268	19999175.3195	2.0	1.0
273	20150304	2612.92055268	19999175.3195	2.0	1.0
172	20150305	2612.92055268	19999175.3195	2.0	1.0
313	20150306	2612.92055268	19999175.3195	2.0	1.0
99	20150307	2612.92055268	19999175.3195	2.0	1.0
132	20150308	2612.92055268	19999175.3195	2.0	1.0
100	20150309	2612.92055268	19999175.3195	2.0	1.0
94	20150310	2612.92055268	19999175.3195	2.0	1.0
74	20150311	2612.92055268	19999175.3195	2.0	1.0
120	20150312	2612.92055268	19999175.3195	2.0	1.0
64	20150313	2612.92055268	19999175.3195	2.0	1.0
88	20150314	2612.92055268	19999175.3195	2.0	1.0
116	20150315	2612.92055268	19999175.3195	2.0	1.0
83	20150316	2612.92055268	19999175.3195	2.0	1.0
96	20150317	2612.92055268	19999175.3195	2.0	1.0
94	20150318	2612.92055268	19999175.3195	2.0	1.0
130	20150319	2612.92055268	19999175.3195	2.0	1.0
196	20150320	2612.92055268	19999175.3195	2.0	1.0
116	20150321	2612.92055268	19999175.3195	2.0	1.0
120	20150322	2612.92055268	19999175.3195	2.0	1.0
243	20150323	2612.92055268	19999175.3195	2.0	1.0
81	20150324	2612.92055268	19999175.3195	2.0	1.0
177	20150325	2612.92055268	19999175.3195	2.0	1.0
63	20150326	2612.92055268	19999175.3195	2.0	1.0
100	20150327	2612.92055268	19999175.3195	2.0	1.0
113	20150328	2612.92055268	19999175.3195	2.0	1.0
94	20150329	2612.92055268	19999175.3195	2.0	1.0
84	20150330	2612.92055268	19999175.3195	2.0	1.0
72	20150331	2612.92055268	19999175.3195	2.0	1.0
85	20150401	2612.92055268	19999175.3195	2.0	1.0
71	20150402	2612.92055268	19999175.3195	2.0	1.0
87	20150403	2612.92055268	19999175.3195	2.0	1.0
80	20150404	2612.92055268	19999175.3195	2.0	1.0
97	20150405	2612.92055268	19999175.3195	2.0	1.0
150	20150406	2612.92055268	19999175.3195	2.0	1.0
109	20150407	2612.92055268	19999175.3195	2.0	1.0
71	20150408	2612.92055268	19999175.3195	2.0	1.0
85	20150409	2612.92055268	19999175.3195	2.0	1.0
84	20150410	2612.92055268	19999175.3195	2.0	1.0
66	20150411	2612.92055268	19999175.3195	2.0	1.0
75	20150412	2612.92055268	19999175.3195	2.0	1.0
69	20150413	2612.92055268	19999175.3195	2.0	1.0
194	20150414	2612.92055268	19999175.3195	2.0	1.0
168	20150415	2612.92055268	19999175.3195	2.0	1.0
57	20150416	2612.92055268	19999175.3195	2.0	1.0
89	20150417	2612.92055268	19999175.3195	2.0	1.0
136	20150418	2612.92055268	19999175.3195	2.0	1.0
49	20150419	2612.92055268	19999175.3195	2.0	1.0
76	20150420	2612.92055268	19999175.3195	2.0	1.0
104	20150421	2612.92055268	19999175.3195	2.0	1.0
166	20150422	2612.92055268	19999175.3195	2.0	1.0
258	20150423	2612.92055268	19999175.3195	2.0	1.0
176	20150424	2612.92055268	19999175.3195	2.0	1.0
117	20150425	2612.92055268	19999175.3195	2.0	1.0
111	20150426	2612.92055268	19999175.3195	2.0	1.0
229	20150427	2612.92055268	19999175.3195	2.0	1.0
87	20150428	2612.92055268	19999175.3195	2.0	1.0
193	20150429	2612.92055268	19999175.3195	2.0	1.0
76	20150430	2612.92055268	19999175.3195	2.0	1.0
65	20150501	2612.92055268	19999175.3195	2.0	1.0
59	20150502	2612.92055268	19999175.3195	2.0	1.0
60	20150503	2612.92055268	19999175.3195	2.0	1.0
136	20150504	2612.92055268	19999175.3195	2.0	1.0
52	20150505	2612.92055268	19999175.3195	2.0	1.0
63	20150506	2612.92055268	19999175.3195	2.0	1.0
61	20150507	2612.92055268	19999175.3195	2.0	1.0
66	20150508	2612.92055268	19999175.3195	2.0	1.0
65	20150509	2612.92055268	19999175.3195	2.0	1.0
57	20150510	2612.92055268	19999175.3195	2.0	1.0
61	20150511	2612.92055268	19999175.3195	2.0	1.0
75	20150512	2612.92055268	19999175.3195	2.0	1.0
84	20150513	2612.92055268	19999175.3195	2.0	1.0
77	20150514	2612.92055268	19999175.3195	2.0	1.0
73	20150515	2612.92055268	19999175.3195	2.0	1.0
60	20150516	2612.92055268	19999175.3195	2.0	1.0
78	20150517	2612.92055268	19999175.3195	2.0	1.0
58	20150518	2612.92055268	19999175.3195	2.0	1.0
56	20150519	2612.92055268	19999175.3195	2.0	1.0
57	20150520	2612.92055268	19999175.3195	2.0	1.0
66	20150521	2612.92055268	19999175.3195	2.0	1.0
61	20150522	2612.92055268	19999175.3195	2.0	1.0
77	20150523	2612.92055268	19999175.3195	2.0	1.0
76	20150524	2612.92055268	19999175.3195	2.0	1.0
129	20150525	2612.92055268	19999175.3195	2.0	1.0
93	20150526	2612.92055268	19999175.3195	2.0	1.0
93	20150527	2612.92055268	19999175.3195	2.0	1.0
222	20150528	2612.92055268	19999175.3195	2.0	1.0
108	20150529	2612.92055268	19999175.3195	2.0	1.0
184	20150530	2612.92055268	19999175.3195	2.0	1.0
61	20150531	2612.92055268	19999175.3195	2.0	1.0
110	20150601	2612.92055268	19999175.3195	2.0	1.0
115	20150602	2612.92055268	19999175.3195	2.0	1.0
115	20150603	2612.92055268	19999175.3195	2.0	1.0
95	20150604	2612.92055268	19999175.3195	2.0	1.0
92	20150605	2612.92055268	19999175.3195	2.0	1.0
109	20150606	2612.92055268	19999175.3195	2.0	1.0
148	20150607	2612.92055268	19999175.3195	2.0	1.0
128	20150608	2612.92055268	19999175.3195	2.0	1.0
70	20150609	2612.92055268	19999175.3195	2.0	1.0
86	20150610	2612.92055268	19999175.3195	2.0	1.0
54	20150611	2612.92055268	19999175.3195	2.0	1.0
79	20150612	2612.92055268	19999175.3195	2.0	1.0
121	20150613	2612.92055268	19999175.3195	2.0	1.0
154	20150614	2612.92055268	19999175.3195	2.0	1.0
131	20150615	2612.92055268	19999175.3195	2.0	1.0
89	20150616	2612.92055268	19999175.3195	2.0	1.0
90	20150617	2612.92055268	19999175.3195	2.0	1.0
176	20150618	2612.92055268	19999175.3195	2.0	1.0
154	20150619	2612.92055268	19999175.3195	2.0	1.0
107	20150620	2612.92055268	19999175.3195	2.0	1.0
81	20150621	2612.92055268	19999175.3195	2.0	1.0
157	20150622	2612.92055268	19999175.3195	2.0	1.0
119	20150623	2612.92055268	19999175.3195	2.0	1.0
95	20150624	2612.92055268	19999175.3195	2.0	1.0
139	20150625	2612.92055268	19999175.3195	2.0	1.0
175	20150626	2612.92055268	19999175.3195	2.0	1.0
117	20150627	2612.92055268	19999175.3195	2.0	1.0
107	20150628	2612.92055268	19999175.3195	2.0	1.0
126	20150629	2612.92055268	19999175.3195	2.0	1.0
277	20150630	2612.92055268	19999175.3195	2.0	1.0
100	20150701	2612.92055268	19999175.3195	2.0	1.0
120	20150702	2612.92055268	19999175.3195	2.0	1.0
113	20150703	2612.92055268	19999175.3195	2.0	1.0
79	20150704	2612.92055268	19999175.3195	2.0	1.0
115	20150705	2612.92055268	19999175.3195	2.0	1.0
77	20150706	2612.92055268	19999175.3195	2.0	1.0
89	20150707	2612.92055268	19999175.3195	2.0	1.0
143	20150708	2612.92055268	19999175.3195	2.0	1.0
150	20150709	2612.92055268	19999175.3195	2.0	1.0
73	20150710	2612.92055268	19999175.3195	2.0	1.0
85	20150711	2612.92055268	19999175.3195	2.0	1.0
82	20150712	2612.92055268	19999175.3195	2.0	1.0
90	20150713	2612.92055268	19999175.3195	2.0	1.0
88	20150714	2612.92055268	19999175.3195	2.0	1.0
69	20150715	2612.92055268	19999175.3195	2.0	1.0
112	20150716	2612.92055268	19999175.3195	2.0	1.0
84	20150717	2612.92055268	19999175.3195	2.0	1.0
94	20150718	2612.92055268	19999175.3195	2.0	1.0
87	20150719	2612.92055268	19999175.3195	2.0	1.0
91	20150720	2612.92055268	19999175.3195	2.0	1.0
80	20150721	2612.92055268	19999175.3195	2.0	1.0
66	20150722	2612.92055268	19999175.3195	2.0	1.0
158	20150723	2612.92055268	19999175.3195	2.0	1.0
40	20150724	2612.92055268	19999175.3195	2.0	1.0
59	20150725	2612.92055268	19999175.3195	2.0	1.0
175	20150726	2612.92055268	19999175.3195	2.0	1.0
99	20150727	2612.92055268	19999175.3195	2.0	1.0
113	20150728	2612.92055268	19999175.3195	2.0	1.0
113	20150729	2612.92055268	19999175.3195	2.0	1.0
57	20150730	2612.92055268	19999175.3195	2.0	1.0
67	20150731	2612.92055268	19999175.3195	2.0	1.0
85	20150801	2612.92055268	19999175.3195	2.0	1.0
87	20150802	2612.92055268	19999175.3195	2.0	1.0
110	20150803	2612.92055268	19999175.3195	2.0	1.0
134	20150804	2612.92055268	19999175.3195	2.0	1.0
103	20150805	2612.92055268	19999175.3195	2.0	1.0
67	20150806	2612.92055268	19999175.3195	2.0	1.0
65	20150807	2612.92055268	19999175.3195	2.0	1.0
73	20150808	2612.92055268	19999175.3195	2.0	1.0
125	20150809	2612.92055268	19999175.3195	2.0	1.0
73	20150810	2612.92055268	19999175.3195	2.0	1.0
72	20150811	2612.92055268	19999175.3195	2.0	1.0
66	20150812	2612.92055268	19999175.3195	2.0	1.0
98	20150813	2612.92055268	19999175.3195	2.0	1.0
46	20150814	2612.92055268	19999175.3195	2.0	1.0
48	20150815	2612.92055268	19999175.3195	2.0	1.0
51	20150816	2612.92055268	19999175.3195	2.0	1.0
69	20150817	2612.92055268	19999175.3195	2.0	1.0
68	20150818	2612.92055268	19999175.3195	2.0	1.0
119	20150819	2612.92055268	19999175.3195	2.0	1.0
64	20150820	2612.92055268	19999175.3195	2.0	1.0
56	20150821	2612.92055268	19999175.3195	2.0	1.0
116	20150822	2612.92055268	19999175.3195	2.0	1.0
87	20150823	2612.92055268	19999175.3195	2.0	1.0
71	20150824	2612.92055268	19999175.3195	2.0	1.0
72	20150825	2612.92055268	19999175.3195	2.0	1.0
70	20150826	2612.92055268	19999175.3195	2.0	1.0
65	20150827	2612.92055268	19999175.3195	2.0	1.0
101	20150828	2612.92055268	19999175.3195	2.0	1.0
58	20150829	2612.92055268	19999175.3195	2.0	1.0
77	20150830	2612.92055268	19999175.3195	2.0	1.0
