100	20150301	3609.7173913	19959135.9006	1.31055900621	2.0
91	20150302	3609.7173913	19959135.9006	1.31055900621	2.0
81	20150303	3609.7173913	19959135.9006	1.31055900621	2.0
64	20150304	3609.7173913	19959135.9006	1.31055900621	2.0
117	20150305	3609.7173913	19959135.9006	1.31055900621	2.0
97	20150306	3609.7173913	19959135.9006	1.31055900621	2.0
92	20150307	3609.7173913	19959135.9006	1.31055900621	2.0
86	20150308	3609.7173913	19959135.9006	1.31055900621	2.0
89	20150309	3609.7173913	19959135.9006	1.31055900621	2.0
93	20150310	3609.7173913	19959135.9006	1.31055900621	2.0
89	20150311	3609.7173913	19959135.9006	1.31055900621	2.0
92	20150312	3609.7173913	19959135.9006	1.31055900621	2.0
101	20150313	3609.7173913	19959135.9006	1.31055900621	2.0
104	20150314	3609.7173913	19959135.9006	1.31055900621	2.0
121	20150315	3609.7173913	19959135.9006	1.31055900621	2.0
117	20150316	3609.7173913	19959135.9006	1.31055900621	2.0
128	20150317	3609.7173913	19959135.9006	1.31055900621	2.0
147	20150318	3609.7173913	19959135.9006	1.31055900621	2.0
99	20150319	3609.7173913	19959135.9006	1.31055900621	2.0
131	20150320	3609.7173913	19959135.9006	1.31055900621	2.0
141	20150321	3609.7173913	19959135.9006	1.31055900621	2.0
108	20150322	3609.7173913	19959135.9006	1.31055900621	2.0
121	20150323	3609.7173913	19959135.9006	1.31055900621	2.0
137	20150324	3609.7173913	19959135.9006	1.31055900621	2.0
149	20150325	3609.7173913	19959135.9006	1.31055900621	2.0
131	20150326	3609.7173913	19959135.9006	1.31055900621	2.0
120	20150327	3609.7173913	19959135.9006	1.31055900621	2.0
132	20150328	3609.7173913	19959135.9006	1.31055900621	2.0
119	20150329	3609.7173913	19959135.9006	1.31055900621	2.0
139	20150330	3609.7173913	19959135.9006	1.31055900621	2.0
128	20150331	3609.7173913	19959135.9006	1.31055900621	2.0
210	20150401	3609.7173913	19959135.9006	1.31055900621	2.0
179	20150402	3609.7173913	19959135.9006	1.31055900621	2.0
142	20150403	3609.7173913	19959135.9006	1.31055900621	2.0
147	20150404	3609.7173913	19959135.9006	1.31055900621	2.0
135	20150405	3609.7173913	19959135.9006	1.31055900621	2.0
167	20150406	3609.7173913	19959135.9006	1.31055900621	2.0
168	20150407	3609.7173913	19959135.9006	1.31055900621	2.0
161	20150408	3609.7173913	19959135.9006	1.31055900621	2.0
186	20150409	3609.7173913	19959135.9006	1.31055900621	2.0
182	20150410	3609.7173913	19959135.9006	1.31055900621	2.0
164	20150411	3609.7173913	19959135.9006	1.31055900621	2.0
134	20150412	3609.7173913	19959135.9006	1.31055900621	2.0
186	20150413	3609.7173913	19959135.9006	1.31055900621	2.0
125	20150414	3609.7173913	19959135.9006	1.31055900621	2.0
140	20150415	3609.7173913	19959135.9006	1.31055900621	2.0
216	20150416	3609.7173913	19959135.9006	1.31055900621	2.0
176	20150417	3609.7173913	19959135.9006	1.31055900621	2.0
232	20150418	3609.7173913	19959135.9006	1.31055900621	2.0
174	20150419	3609.7173913	19959135.9006	1.31055900621	2.0
201	20150420	3609.7173913	19959135.9006	1.31055900621	2.0
159	20150421	3609.7173913	19959135.9006	1.31055900621	2.0
191	20150422	3609.7173913	19959135.9006	1.31055900621	2.0
168	20150423	3609.7173913	19959135.9006	1.31055900621	2.0
153	20150424	3609.7173913	19959135.9006	1.31055900621	2.0
226	20150425	3609.7173913	19959135.9006	1.31055900621	2.0
193	20150426	3609.7173913	19959135.9006	1.31055900621	2.0
143	20150427	3609.7173913	19959135.9006	1.31055900621	2.0
209	20150428	3609.7173913	19959135.9006	1.31055900621	2.0
204	20150429	3609.7173913	19959135.9006	1.31055900621	2.0
169	20150430	3609.7173913	19959135.9006	1.31055900621	2.0
142	20150501	3609.7173913	19959135.9006	1.31055900621	2.0
195	20150502	3609.7173913	19959135.9006	1.31055900621	2.0
145	20150503	3609.7173913	19959135.9006	1.31055900621	2.0
145	20150504	3609.7173913	19959135.9006	1.31055900621	2.0
140	20150505	3609.7173913	19959135.9006	1.31055900621	2.0
155	20150506	3609.7173913	19959135.9006	1.31055900621	2.0
122	20150507	3609.7173913	19959135.9006	1.31055900621	2.0
116	20150508	3609.7173913	19959135.9006	1.31055900621	2.0
155	20150509	3609.7173913	19959135.9006	1.31055900621	2.0
137	20150510	3609.7173913	19959135.9006	1.31055900621	2.0
179	20150511	3609.7173913	19959135.9006	1.31055900621	2.0
201	20150512	3609.7173913	19959135.9006	1.31055900621	2.0
171	20150513	3609.7173913	19959135.9006	1.31055900621	2.0
211	20150514	3609.7173913	19959135.9006	1.31055900621	2.0
159	20150515	3609.7173913	19959135.9006	1.31055900621	2.0
208	20150516	3609.7173913	19959135.9006	1.31055900621	2.0
169	20150517	3609.7173913	19959135.9006	1.31055900621	2.0
173	20150518	3609.7173913	19959135.9006	1.31055900621	2.0
174	20150519	3609.7173913	19959135.9006	1.31055900621	2.0
164	20150520	3609.7173913	19959135.9006	1.31055900621	2.0
185	20150521	3609.7173913	19959135.9006	1.31055900621	2.0
207	20150522	3609.7173913	19959135.9006	1.31055900621	2.0
202	20150523	3609.7173913	19959135.9006	1.31055900621	2.0
209	20150524	3609.7173913	19959135.9006	1.31055900621	2.0
183	20150525	3609.7173913	19959135.9006	1.31055900621	2.0
152	20150526	3609.7173913	19959135.9006	1.31055900621	2.0
219	20150527	3609.7173913	19959135.9006	1.31055900621	2.0
148	20150528	3609.7173913	19959135.9006	1.31055900621	2.0
170	20150529	3609.7173913	19959135.9006	1.31055900621	2.0
161	20150530	3609.7173913	19959135.9006	1.31055900621	2.0
174	20150531	3609.7173913	19959135.9006	1.31055900621	2.0
143	20150601	3609.7173913	19959135.9006	1.31055900621	2.0
172	20150602	3609.7173913	19959135.9006	1.31055900621	2.0
198	20150603	3609.7173913	19959135.9006	1.31055900621	2.0
175	20150604	3609.7173913	19959135.9006	1.31055900621	2.0
167	20150605	3609.7173913	19959135.9006	1.31055900621	2.0
162	20150606	3609.7173913	19959135.9006	1.31055900621	2.0
196	20150607	3609.7173913	19959135.9006	1.31055900621	2.0
148	20150608	3609.7173913	19959135.9006	1.31055900621	2.0
139	20150609	3609.7173913	19959135.9006	1.31055900621	2.0
162	20150610	3609.7173913	19959135.9006	1.31055900621	2.0
125	20150611	3609.7173913	19959135.9006	1.31055900621	2.0
138	20150612	3609.7173913	19959135.9006	1.31055900621	2.0
155	20150613	3609.7173913	19959135.9006	1.31055900621	2.0
219	20150614	3609.7173913	19959135.9006	1.31055900621	2.0
168	20150615	3609.7173913	19959135.9006	1.31055900621	2.0
198	20150616	3609.7173913	19959135.9006	1.31055900621	2.0
184	20150617	3609.7173913	19959135.9006	1.31055900621	2.0
143	20150618	3609.7173913	19959135.9006	1.31055900621	2.0
152	20150619	3609.7173913	19959135.9006	1.31055900621	2.0
128	20150620	3609.7173913	19959135.9006	1.31055900621	2.0
157	20150621	3609.7173913	19959135.9006	1.31055900621	2.0
176	20150622	3609.7173913	19959135.9006	1.31055900621	2.0
209	20150623	3609.7173913	19959135.9006	1.31055900621	2.0
161	20150624	3609.7173913	19959135.9006	1.31055900621	2.0
180	20150625	3609.7173913	19959135.9006	1.31055900621	2.0
189	20150626	3609.7173913	19959135.9006	1.31055900621	2.0
209	20150627	3609.7173913	19959135.9006	1.31055900621	2.0
252	20150628	3609.7173913	19959135.9006	1.31055900621	2.0
193	20150629	3609.7173913	19959135.9006	1.31055900621	2.0
202	20150630	3609.7173913	19959135.9006	1.31055900621	2.0
211	20150701	3609.7173913	19959135.9006	1.31055900621	2.0
280	20150702	3609.7173913	19959135.9006	1.31055900621	2.0
211	20150703	3609.7173913	19959135.9006	1.31055900621	2.0
206	20150704	3609.7173913	19959135.9006	1.31055900621	2.0
224	20150705	3609.7173913	19959135.9006	1.31055900621	2.0
192	20150706	3609.7173913	19959135.9006	1.31055900621	2.0
168	20150707	3609.7173913	19959135.9006	1.31055900621	2.0
168	20150708	3609.7173913	19959135.9006	1.31055900621	2.0
299	20150709	3609.7173913	19959135.9006	1.31055900621	2.0
356	20150710	3609.7173913	19959135.9006	1.31055900621	2.0
262	20150711	3609.7173913	19959135.9006	1.31055900621	2.0
249	20150712	3609.7173913	19959135.9006	1.31055900621	2.0
290	20150713	3609.7173913	19959135.9006	1.31055900621	2.0
306	20150714	3609.7173913	19959135.9006	1.31055900621	2.0
240	20150715	3609.7173913	19959135.9006	1.31055900621	2.0
298	20150716	3609.7173913	19959135.9006	1.31055900621	2.0
227	20150717	3609.7173913	19959135.9006	1.31055900621	2.0
209	20150718	3609.7173913	19959135.9006	1.31055900621	2.0
258	20150719	3609.7173913	19959135.9006	1.31055900621	2.0
231	20150720	3609.7173913	19959135.9006	1.31055900621	2.0
180	20150721	3609.7173913	19959135.9006	1.31055900621	2.0
244	20150722	3609.7173913	19959135.9006	1.31055900621	2.0
228	20150723	3609.7173913	19959135.9006	1.31055900621	2.0
203	20150724	3609.7173913	19959135.9006	1.31055900621	2.0
287	20150725	3609.7173913	19959135.9006	1.31055900621	2.0
237	20150726	3609.7173913	19959135.9006	1.31055900621	2.0
222	20150727	3609.7173913	19959135.9006	1.31055900621	2.0
185	20150728	3609.7173913	19959135.9006	1.31055900621	2.0
334	20150729	3609.7173913	19959135.9006	1.31055900621	2.0
213	20150730	3609.7173913	19959135.9006	1.31055900621	2.0
180	20150731	3609.7173913	19959135.9006	1.31055900621	2.0
195	20150801	3609.7173913	19959135.9006	1.31055900621	2.0
194	20150802	3609.7173913	19959135.9006	1.31055900621	2.0
198	20150803	3609.7173913	19959135.9006	1.31055900621	2.0
211	20150804	3609.7173913	19959135.9006	1.31055900621	2.0
201	20150805	3609.7173913	19959135.9006	1.31055900621	2.0
242	20150806	3609.7173913	19959135.9006	1.31055900621	2.0
207	20150807	3609.7173913	19959135.9006	1.31055900621	2.0
269	20150808	3609.7173913	19959135.9006	1.31055900621	2.0
205	20150809	3609.7173913	19959135.9006	1.31055900621	2.0
179	20150810	3609.7173913	19959135.9006	1.31055900621	2.0
245	20150811	3609.7173913	19959135.9006	1.31055900621	2.0
269	20150812	3609.7173913	19959135.9006	1.31055900621	2.0
196	20150813	3609.7173913	19959135.9006	1.31055900621	2.0
182	20150814	3609.7173913	19959135.9006	1.31055900621	2.0
193	20150815	3609.7173913	19959135.9006	1.31055900621	2.0
173	20150816	3609.7173913	19959135.9006	1.31055900621	2.0
192	20150817	3609.7173913	19959135.9006	1.31055900621	2.0
230	20150818	3609.7173913	19959135.9006	1.31055900621	2.0
198	20150819	3609.7173913	19959135.9006	1.31055900621	2.0
262	20150820	3609.7173913	19959135.9006	1.31055900621	2.0
200	20150821	3609.7173913	19959135.9006	1.31055900621	2.0
215	20150822	3609.7173913	19959135.9006	1.31055900621	2.0
272	20150823	3609.7173913	19959135.9006	1.31055900621	2.0
284	20150824	3609.7173913	19959135.9006	1.31055900621	2.0
210	20150825	3609.7173913	19959135.9006	1.31055900621	2.0
241	20150826	3609.7173913	19959135.9006	1.31055900621	2.0
413	20150827	3609.7173913	19959135.9006	1.31055900621	2.0
335	20150828	3609.7173913	19959135.9006	1.31055900621	2.0
224	20150829	3609.7173913	19959135.9006	1.31055900621	2.0
261	20150830	3609.7173913	19959135.9006	1.31055900621	2.0
