94	20150301	53553.92	20062073.6	2.0	2.0
65	20150302	53553.92	20062073.6	2.0	2.0
59	20150303	53553.92	20062073.6	2.0	2.0
71	20150304	53553.92	20062073.6	2.0	2.0
70	20150305	53553.92	20062073.6	2.0	2.0
90	20150306	53553.92	20062073.6	2.0	2.0
76	20150307	53553.92	20062073.6	2.0	2.0
75	20150308	53553.92	20062073.6	2.0	2.0
63	20150309	53553.92	20062073.6	2.0	2.0
53	20150310	53553.92	20062073.6	2.0	2.0
47	20150311	53553.92	20062073.6	2.0	2.0
59	20150312	53553.92	20062073.6	2.0	2.0
63	20150313	53553.92	20062073.6	2.0	2.0
61	20150314	53553.92	20062073.6	2.0	2.0
58	20150315	53553.92	20062073.6	2.0	2.0
69	20150316	53553.92	20062073.6	2.0	2.0
70	20150317	53553.92	20062073.6	2.0	2.0
61	20150318	53553.92	20062073.6	2.0	2.0
112	20150319	53553.92	20062073.6	2.0	2.0
95	20150320	53553.92	20062073.6	2.0	2.0
82	20150321	53553.92	20062073.6	2.0	2.0
74	20150322	53553.92	20062073.6	2.0	2.0
92	20150323	53553.92	20062073.6	2.0	2.0
101	20150324	53553.92	20062073.6	2.0	2.0
86	20150325	53553.92	20062073.6	2.0	2.0
74	20150326	53553.92	20062073.6	2.0	2.0
85	20150327	53553.92	20062073.6	2.0	2.0
78	20150328	53553.92	20062073.6	2.0	2.0
71	20150329	53553.92	20062073.6	2.0	2.0
73	20150330	53553.92	20062073.6	2.0	2.0
74	20150331	53553.92	20062073.6	2.0	2.0
170	20150401	53553.92	20062073.6	2.0	2.0
116	20150402	53553.92	20062073.6	2.0	2.0
147	20150403	53553.92	20062073.6	2.0	2.0
121	20150404	53553.92	20062073.6	2.0	2.0
135	20150405	53553.92	20062073.6	2.0	2.0
113	20150406	53553.92	20062073.6	2.0	2.0
122	20150407	53553.92	20062073.6	2.0	2.0
94	20150408	53553.92	20062073.6	2.0	2.0
112	20150409	53553.92	20062073.6	2.0	2.0
132	20150410	53553.92	20062073.6	2.0	2.0
108	20150411	53553.92	20062073.6	2.0	2.0
110	20150412	53553.92	20062073.6	2.0	2.0
91	20150413	53553.92	20062073.6	2.0	2.0
113	20150414	53553.92	20062073.6	2.0	2.0
120	20150415	53553.92	20062073.6	2.0	2.0
107	20150416	53553.92	20062073.6	2.0	2.0
107	20150417	53553.92	20062073.6	2.0	2.0
126	20150418	53553.92	20062073.6	2.0	2.0
93	20150419	53553.92	20062073.6	2.0	2.0
78	20150420	53553.92	20062073.6	2.0	2.0
144	20150421	53553.92	20062073.6	2.0	2.0
120	20150422	53553.92	20062073.6	2.0	2.0
129	20150423	53553.92	20062073.6	2.0	2.0
128	20150424	53553.92	20062073.6	2.0	2.0
120	20150425	53553.92	20062073.6	2.0	2.0
156	20150426	53553.92	20062073.6	2.0	2.0
113	20150427	53553.92	20062073.6	2.0	2.0
107	20150428	53553.92	20062073.6	2.0	2.0
115	20150429	53553.92	20062073.6	2.0	2.0
98	20150430	53553.92	20062073.6	2.0	2.0
96	20150501	53553.92	20062073.6	2.0	2.0
104	20150502	53553.92	20062073.6	2.0	2.0
136	20150503	53553.92	20062073.6	2.0	2.0
98	20150504	53553.92	20062073.6	2.0	2.0
113	20150505	53553.92	20062073.6	2.0	2.0
124	20150506	53553.92	20062073.6	2.0	2.0
104	20150507	53553.92	20062073.6	2.0	2.0
122	20150508	53553.92	20062073.6	2.0	2.0
128	20150509	53553.92	20062073.6	2.0	2.0
109	20150510	53553.92	20062073.6	2.0	2.0
118	20150511	53553.92	20062073.6	2.0	2.0
119	20150512	53553.92	20062073.6	2.0	2.0
141	20150513	53553.92	20062073.6	2.0	2.0
135	20150514	53553.92	20062073.6	2.0	2.0
130	20150515	53553.92	20062073.6	2.0	2.0
157	20150516	53553.92	20062073.6	2.0	2.0
105	20150517	53553.92	20062073.6	2.0	2.0
110	20150518	53553.92	20062073.6	2.0	2.0
142	20150519	53553.92	20062073.6	2.0	2.0
102	20150520	53553.92	20062073.6	2.0	2.0
116	20150521	53553.92	20062073.6	2.0	2.0
105	20150522	53553.92	20062073.6	2.0	2.0
101	20150523	53553.92	20062073.6	2.0	2.0
93	20150524	53553.92	20062073.6	2.0	2.0
122	20150525	53553.92	20062073.6	2.0	2.0
112	20150526	53553.92	20062073.6	2.0	2.0
139	20150527	53553.92	20062073.6	2.0	2.0
118	20150528	53553.92	20062073.6	2.0	2.0
131	20150529	53553.92	20062073.6	2.0	2.0
97	20150530	53553.92	20062073.6	2.0	2.0
88	20150531	53553.92	20062073.6	2.0	2.0
138	20150601	53553.92	20062073.6	2.0	2.0
88	20150602	53553.92	20062073.6	2.0	2.0
100	20150603	53553.92	20062073.6	2.0	2.0
102	20150604	53553.92	20062073.6	2.0	2.0
115	20150605	53553.92	20062073.6	2.0	2.0
118	20150606	53553.92	20062073.6	2.0	2.0
149	20150607	53553.92	20062073.6	2.0	2.0
93	20150608	53553.92	20062073.6	2.0	2.0
107	20150609	53553.92	20062073.6	2.0	2.0
101	20150610	53553.92	20062073.6	2.0	2.0
98	20150611	53553.92	20062073.6	2.0	2.0
95	20150612	53553.92	20062073.6	2.0	2.0
103	20150613	53553.92	20062073.6	2.0	2.0
127	20150614	53553.92	20062073.6	2.0	2.0
128	20150615	53553.92	20062073.6	2.0	2.0
106	20150616	53553.92	20062073.6	2.0	2.0
129	20150617	53553.92	20062073.6	2.0	2.0
121	20150618	53553.92	20062073.6	2.0	2.0
111	20150619	53553.92	20062073.6	2.0	2.0
97	20150620	53553.92	20062073.6	2.0	2.0
126	20150621	53553.92	20062073.6	2.0	2.0
117	20150622	53553.92	20062073.6	2.0	2.0
107	20150623	53553.92	20062073.6	2.0	2.0
113	20150624	53553.92	20062073.6	2.0	2.0
103	20150625	53553.92	20062073.6	2.0	2.0
128	20150626	53553.92	20062073.6	2.0	2.0
96	20150627	53553.92	20062073.6	2.0	2.0
126	20150628	53553.92	20062073.6	2.0	2.0
131	20150629	53553.92	20062073.6	2.0	2.0
140	20150630	53553.92	20062073.6	2.0	2.0
180	20150701	53553.92	20062073.6	2.0	2.0
191	20150702	53553.92	20062073.6	2.0	2.0
142	20150703	53553.92	20062073.6	2.0	2.0
75	20150704	53553.92	20062073.6	2.0	2.0
95	20150705	53553.92	20062073.6	2.0	2.0
107	20150706	53553.92	20062073.6	2.0	2.0
119	20150707	53553.92	20062073.6	2.0	2.0
77	20150708	53553.92	20062073.6	2.0	2.0
93	20150709	53553.92	20062073.6	2.0	2.0
197	20150710	53553.92	20062073.6	2.0	2.0
94	20150711	53553.92	20062073.6	2.0	2.0
117	20150712	53553.92	20062073.6	2.0	2.0
128	20150713	53553.92	20062073.6	2.0	2.0
149	20150714	53553.92	20062073.6	2.0	2.0
106	20150715	53553.92	20062073.6	2.0	2.0
108	20150716	53553.92	20062073.6	2.0	2.0
133	20150717	53553.92	20062073.6	2.0	2.0
175	20150718	53553.92	20062073.6	2.0	2.0
121	20150719	53553.92	20062073.6	2.0	2.0
116	20150720	53553.92	20062073.6	2.0	2.0
133	20150721	53553.92	20062073.6	2.0	2.0
137	20150722	53553.92	20062073.6	2.0	2.0
160	20150723	53553.92	20062073.6	2.0	2.0
118	20150724	53553.92	20062073.6	2.0	2.0
124	20150725	53553.92	20062073.6	2.0	2.0
101	20150726	53553.92	20062073.6	2.0	2.0
132	20150727	53553.92	20062073.6	2.0	2.0
143	20150728	53553.92	20062073.6	2.0	2.0
122	20150729	53553.92	20062073.6	2.0	2.0
142	20150730	53553.92	20062073.6	2.0	2.0
125	20150731	53553.92	20062073.6	2.0	2.0
128	20150801	53553.92	20062073.6	2.0	2.0
130	20150802	53553.92	20062073.6	2.0	2.0
143	20150803	53553.92	20062073.6	2.0	2.0
116	20150804	53553.92	20062073.6	2.0	2.0
171	20150805	53553.92	20062073.6	2.0	2.0
126	20150806	53553.92	20062073.6	2.0	2.0
128	20150807	53553.92	20062073.6	2.0	2.0
119	20150808	53553.92	20062073.6	2.0	2.0
125	20150809	53553.92	20062073.6	2.0	2.0
135	20150810	53553.92	20062073.6	2.0	2.0
143	20150811	53553.92	20062073.6	2.0	2.0
155	20150812	53553.92	20062073.6	2.0	2.0
122	20150813	53553.92	20062073.6	2.0	2.0
133	20150814	53553.92	20062073.6	2.0	2.0
133	20150815	53553.92	20062073.6	2.0	2.0
211	20150816	53553.92	20062073.6	2.0	2.0
143	20150817	53553.92	20062073.6	2.0	2.0
160	20150818	53553.92	20062073.6	2.0	2.0
180	20150819	53553.92	20062073.6	2.0	2.0
134	20150820	53553.92	20062073.6	2.0	2.0
141	20150821	53553.92	20062073.6	2.0	2.0
144	20150822	53553.92	20062073.6	2.0	2.0
123	20150823	53553.92	20062073.6	2.0	2.0
171	20150824	53553.92	20062073.6	2.0	2.0
204	20150825	53553.92	20062073.6	2.0	2.0
153	20150826	53553.92	20062073.6	2.0	2.0
143	20150827	53553.92	20062073.6	2.0	2.0
145	20150828	53553.92	20062073.6	2.0	2.0
170	20150829	53553.92	20062073.6	2.0	2.0
176	20150830	53553.92	20062073.6	2.0	2.0
