156	20150301	18733.0806452	20084032.4435	3.0	1.0
171	20150302	18733.0806452	20084032.4435	3.0	1.0
200	20150303	18733.0806452	20084032.4435	3.0	1.0
171	20150304	18733.0806452	20084032.4435	3.0	1.0
154	20150305	18733.0806452	20084032.4435	3.0	1.0
165	20150306	18733.0806452	20084032.4435	3.0	1.0
154	20150307	18733.0806452	20084032.4435	3.0	1.0
146	20150308	18733.0806452	20084032.4435	3.0	1.0
137	20150309	18733.0806452	20084032.4435	3.0	1.0
153	20150310	18733.0806452	20084032.4435	3.0	1.0
166	20150311	18733.0806452	20084032.4435	3.0	1.0
185	20150312	18733.0806452	20084032.4435	3.0	1.0
218	20150313	18733.0806452	20084032.4435	3.0	1.0
142	20150314	18733.0806452	20084032.4435	3.0	1.0
133	20150315	18733.0806452	20084032.4435	3.0	1.0
179	20150316	18733.0806452	20084032.4435	3.0	1.0
169	20150317	18733.0806452	20084032.4435	3.0	1.0
202	20150318	18733.0806452	20084032.4435	3.0	1.0
202	20150319	18733.0806452	20084032.4435	3.0	1.0
186	20150320	18733.0806452	20084032.4435	3.0	1.0
137	20150321	18733.0806452	20084032.4435	3.0	1.0
183	20150322	18733.0806452	20084032.4435	3.0	1.0
152	20150323	18733.0806452	20084032.4435	3.0	1.0
127	20150324	18733.0806452	20084032.4435	3.0	1.0
128	20150325	18733.0806452	20084032.4435	3.0	1.0
168	20150326	18733.0806452	20084032.4435	3.0	1.0
156	20150327	18733.0806452	20084032.4435	3.0	1.0
163	20150328	18733.0806452	20084032.4435	3.0	1.0
120	20150329	18733.0806452	20084032.4435	3.0	1.0
126	20150330	18733.0806452	20084032.4435	3.0	1.0
159	20150331	18733.0806452	20084032.4435	3.0	1.0
161	20150401	18733.0806452	20084032.4435	3.0	1.0
152	20150402	18733.0806452	20084032.4435	3.0	1.0
177	20150403	18733.0806452	20084032.4435	3.0	1.0
194	20150404	18733.0806452	20084032.4435	3.0	1.0
149	20150405	18733.0806452	20084032.4435	3.0	1.0
179	20150406	18733.0806452	20084032.4435	3.0	1.0
243	20150407	18733.0806452	20084032.4435	3.0	1.0
247	20150408	18733.0806452	20084032.4435	3.0	1.0
179	20150409	18733.0806452	20084032.4435	3.0	1.0
195	20150410	18733.0806452	20084032.4435	3.0	1.0
165	20150411	18733.0806452	20084032.4435	3.0	1.0
158	20150412	18733.0806452	20084032.4435	3.0	1.0
171	20150413	18733.0806452	20084032.4435	3.0	1.0
169	20150414	18733.0806452	20084032.4435	3.0	1.0
184	20150415	18733.0806452	20084032.4435	3.0	1.0
196	20150416	18733.0806452	20084032.4435	3.0	1.0
176	20150417	18733.0806452	20084032.4435	3.0	1.0
217	20150418	18733.0806452	20084032.4435	3.0	1.0
128	20150419	18733.0806452	20084032.4435	3.0	1.0
165	20150420	18733.0806452	20084032.4435	3.0	1.0
174	20150421	18733.0806452	20084032.4435	3.0	1.0
237	20150422	18733.0806452	20084032.4435	3.0	1.0
210	20150423	18733.0806452	20084032.4435	3.0	1.0
227	20150424	18733.0806452	20084032.4435	3.0	1.0
200	20150425	18733.0806452	20084032.4435	3.0	1.0
208	20150426	18733.0806452	20084032.4435	3.0	1.0
199	20150427	18733.0806452	20084032.4435	3.0	1.0
224	20150428	18733.0806452	20084032.4435	3.0	1.0
167	20150429	18733.0806452	20084032.4435	3.0	1.0
146	20150430	18733.0806452	20084032.4435	3.0	1.0
153	20150501	18733.0806452	20084032.4435	3.0	1.0
147	20150502	18733.0806452	20084032.4435	3.0	1.0
192	20150503	18733.0806452	20084032.4435	3.0	1.0
215	20150504	18733.0806452	20084032.4435	3.0	1.0
156	20150505	18733.0806452	20084032.4435	3.0	1.0
171	20150506	18733.0806452	20084032.4435	3.0	1.0
153	20150507	18733.0806452	20084032.4435	3.0	1.0
185	20150508	18733.0806452	20084032.4435	3.0	1.0
206	20150509	18733.0806452	20084032.4435	3.0	1.0
171	20150510	18733.0806452	20084032.4435	3.0	1.0
140	20150511	18733.0806452	20084032.4435	3.0	1.0
178	20150512	18733.0806452	20084032.4435	3.0	1.0
174	20150513	18733.0806452	20084032.4435	3.0	1.0
165	20150514	18733.0806452	20084032.4435	3.0	1.0
192	20150515	18733.0806452	20084032.4435	3.0	1.0
188	20150516	18733.0806452	20084032.4435	3.0	1.0
152	20150517	18733.0806452	20084032.4435	3.0	1.0
157	20150518	18733.0806452	20084032.4435	3.0	1.0
126	20150519	18733.0806452	20084032.4435	3.0	1.0
145	20150520	18733.0806452	20084032.4435	3.0	1.0
149	20150521	18733.0806452	20084032.4435	3.0	1.0
154	20150522	18733.0806452	20084032.4435	3.0	1.0
132	20150523	18733.0806452	20084032.4435	3.0	1.0
142	20150524	18733.0806452	20084032.4435	3.0	1.0
136	20150525	18733.0806452	20084032.4435	3.0	1.0
185	20150526	18733.0806452	20084032.4435	3.0	1.0
174	20150527	18733.0806452	20084032.4435	3.0	1.0
145	20150528	18733.0806452	20084032.4435	3.0	1.0
150	20150529	18733.0806452	20084032.4435	3.0	1.0
139	20150530	18733.0806452	20084032.4435	3.0	1.0
133	20150531	18733.0806452	20084032.4435	3.0	1.0
152	20150601	18733.0806452	20084032.4435	3.0	1.0
174	20150602	18733.0806452	20084032.4435	3.0	1.0
192	20150603	18733.0806452	20084032.4435	3.0	1.0
163	20150604	18733.0806452	20084032.4435	3.0	1.0
175	20150605	18733.0806452	20084032.4435	3.0	1.0
172	20150606	18733.0806452	20084032.4435	3.0	1.0
156	20150607	18733.0806452	20084032.4435	3.0	1.0
141	20150608	18733.0806452	20084032.4435	3.0	1.0
160	20150609	18733.0806452	20084032.4435	3.0	1.0
197	20150610	18733.0806452	20084032.4435	3.0	1.0
155	20150611	18733.0806452	20084032.4435	3.0	1.0
197	20150612	18733.0806452	20084032.4435	3.0	1.0
201	20150613	18733.0806452	20084032.4435	3.0	1.0
138	20150614	18733.0806452	20084032.4435	3.0	1.0
308	20150615	18733.0806452	20084032.4435	3.0	1.0
263	20150616	18733.0806452	20084032.4435	3.0	1.0
317	20150617	18733.0806452	20084032.4435	3.0	1.0
232	20150618	18733.0806452	20084032.4435	3.0	1.0
164	20150619	18733.0806452	20084032.4435	3.0	1.0
174	20150620	18733.0806452	20084032.4435	3.0	1.0
155	20150621	18733.0806452	20084032.4435	3.0	1.0
169	20150622	18733.0806452	20084032.4435	3.0	1.0
203	20150623	18733.0806452	20084032.4435	3.0	1.0
156	20150624	18733.0806452	20084032.4435	3.0	1.0
143	20150625	18733.0806452	20084032.4435	3.0	1.0
179	20150626	18733.0806452	20084032.4435	3.0	1.0
128	20150627	18733.0806452	20084032.4435	3.0	1.0
147	20150628	18733.0806452	20084032.4435	3.0	1.0
173	20150629	18733.0806452	20084032.4435	3.0	1.0
207	20150630	18733.0806452	20084032.4435	3.0	1.0
261	20150701	18733.0806452	20084032.4435	3.0	1.0
199	20150702	18733.0806452	20084032.4435	3.0	1.0
232	20150703	18733.0806452	20084032.4435	3.0	1.0
139	20150704	18733.0806452	20084032.4435	3.0	1.0
157	20150705	18733.0806452	20084032.4435	3.0	1.0
222	20150706	18733.0806452	20084032.4435	3.0	1.0
184	20150707	18733.0806452	20084032.4435	3.0	1.0
171	20150708	18733.0806452	20084032.4435	3.0	1.0
179	20150709	18733.0806452	20084032.4435	3.0	1.0
219	20150710	18733.0806452	20084032.4435	3.0	1.0
183	20150711	18733.0806452	20084032.4435	3.0	1.0
166	20150712	18733.0806452	20084032.4435	3.0	1.0
156	20150713	18733.0806452	20084032.4435	3.0	1.0
173	20150714	18733.0806452	20084032.4435	3.0	1.0
160	20150715	18733.0806452	20084032.4435	3.0	1.0
181	20150716	18733.0806452	20084032.4435	3.0	1.0
150	20150717	18733.0806452	20084032.4435	3.0	1.0
126	20150718	18733.0806452	20084032.4435	3.0	1.0
120	20150719	18733.0806452	20084032.4435	3.0	1.0
204	20150720	18733.0806452	20084032.4435	3.0	1.0
124	20150721	18733.0806452	20084032.4435	3.0	1.0
150	20150722	18733.0806452	20084032.4435	3.0	1.0
165	20150723	18733.0806452	20084032.4435	3.0	1.0
138	20150724	18733.0806452	20084032.4435	3.0	1.0
178	20150725	18733.0806452	20084032.4435	3.0	1.0
126	20150726	18733.0806452	20084032.4435	3.0	1.0
148	20150727	18733.0806452	20084032.4435	3.0	1.0
145	20150728	18733.0806452	20084032.4435	3.0	1.0
132	20150729	18733.0806452	20084032.4435	3.0	1.0
172	20150730	18733.0806452	20084032.4435	3.0	1.0
134	20150731	18733.0806452	20084032.4435	3.0	1.0
113	20150801	18733.0806452	20084032.4435	3.0	1.0
100	20150802	18733.0806452	20084032.4435	3.0	1.0
153	20150803	18733.0806452	20084032.4435	3.0	1.0
145	20150804	18733.0806452	20084032.4435	3.0	1.0
146	20150805	18733.0806452	20084032.4435	3.0	1.0
134	20150806	18733.0806452	20084032.4435	3.0	1.0
126	20150807	18733.0806452	20084032.4435	3.0	1.0
137	20150808	18733.0806452	20084032.4435	3.0	1.0
112	20150809	18733.0806452	20084032.4435	3.0	1.0
159	20150810	18733.0806452	20084032.4435	3.0	1.0
157	20150811	18733.0806452	20084032.4435	3.0	1.0
180	20150812	18733.0806452	20084032.4435	3.0	1.0
242	20150813	18733.0806452	20084032.4435	3.0	1.0
122	20150814	18733.0806452	20084032.4435	3.0	1.0
127	20150815	18733.0806452	20084032.4435	3.0	1.0
115	20150816	18733.0806452	20084032.4435	3.0	1.0
138	20150817	18733.0806452	20084032.4435	3.0	1.0
190	20150818	18733.0806452	20084032.4435	3.0	1.0
136	20150819	18733.0806452	20084032.4435	3.0	1.0
131	20150820	18733.0806452	20084032.4435	3.0	1.0
138	20150821	18733.0806452	20084032.4435	3.0	1.0
184	20150822	18733.0806452	20084032.4435	3.0	1.0
141	20150823	18733.0806452	20084032.4435	3.0	1.0
144	20150824	18733.0806452	20084032.4435	3.0	1.0
97	20150825	18733.0806452	20084032.4435	3.0	1.0
107	20150826	18733.0806452	20084032.4435	3.0	1.0
124	20150827	18733.0806452	20084032.4435	3.0	1.0
143	20150828	18733.0806452	20084032.4435	3.0	1.0
137	20150829	18733.0806452	20084032.4435	3.0	1.0
187	20150830	18733.0806452	20084032.4435	3.0	1.0
