179	20150301	5591.43150685	20042831.8973	3.0	1.0
80	20150302	5591.43150685	20042831.8973	3.0	1.0
66	20150303	5591.43150685	20042831.8973	3.0	1.0
95	20150304	5591.43150685	20042831.8973	3.0	1.0
104	20150305	5591.43150685	20042831.8973	3.0	1.0
86	20150306	5591.43150685	20042831.8973	3.0	1.0
124	20150307	5591.43150685	20042831.8973	3.0	1.0
62	20150308	5591.43150685	20042831.8973	3.0	1.0
118	20150309	5591.43150685	20042831.8973	3.0	1.0
75	20150310	5591.43150685	20042831.8973	3.0	1.0
64	20150311	5591.43150685	20042831.8973	3.0	1.0
67	20150312	5591.43150685	20042831.8973	3.0	1.0
82	20150313	5591.43150685	20042831.8973	3.0	1.0
101	20150314	5591.43150685	20042831.8973	3.0	1.0
136	20150315	5591.43150685	20042831.8973	3.0	1.0
89	20150316	5591.43150685	20042831.8973	3.0	1.0
67	20150317	5591.43150685	20042831.8973	3.0	1.0
97	20150318	5591.43150685	20042831.8973	3.0	1.0
74	20150319	5591.43150685	20042831.8973	3.0	1.0
119	20150320	5591.43150685	20042831.8973	3.0	1.0
64	20150321	5591.43150685	20042831.8973	3.0	1.0
99	20150322	5591.43150685	20042831.8973	3.0	1.0
44	20150323	5591.43150685	20042831.8973	3.0	1.0
91	20150324	5591.43150685	20042831.8973	3.0	1.0
109	20150325	5591.43150685	20042831.8973	3.0	1.0
78	20150326	5591.43150685	20042831.8973	3.0	1.0
49	20150327	5591.43150685	20042831.8973	3.0	1.0
31	20150328	5591.43150685	20042831.8973	3.0	1.0
83	20150329	5591.43150685	20042831.8973	3.0	1.0
62	20150330	5591.43150685	20042831.8973	3.0	1.0
73	20150331	5591.43150685	20042831.8973	3.0	1.0
87	20150401	5591.43150685	20042831.8973	3.0	1.0
83	20150402	5591.43150685	20042831.8973	3.0	1.0
77	20150403	5591.43150685	20042831.8973	3.0	1.0
58	20150404	5591.43150685	20042831.8973	3.0	1.0
57	20150405	5591.43150685	20042831.8973	3.0	1.0
72	20150406	5591.43150685	20042831.8973	3.0	1.0
78	20150407	5591.43150685	20042831.8973	3.0	1.0
61	20150408	5591.43150685	20042831.8973	3.0	1.0
58	20150409	5591.43150685	20042831.8973	3.0	1.0
111	20150410	5591.43150685	20042831.8973	3.0	1.0
58	20150411	5591.43150685	20042831.8973	3.0	1.0
68	20150412	5591.43150685	20042831.8973	3.0	1.0
70	20150413	5591.43150685	20042831.8973	3.0	1.0
122	20150414	5591.43150685	20042831.8973	3.0	1.0
116	20150415	5591.43150685	20042831.8973	3.0	1.0
67	20150416	5591.43150685	20042831.8973	3.0	1.0
91	20150417	5591.43150685	20042831.8973	3.0	1.0
81	20150418	5591.43150685	20042831.8973	3.0	1.0
67	20150419	5591.43150685	20042831.8973	3.0	1.0
62	20150420	5591.43150685	20042831.8973	3.0	1.0
75	20150421	5591.43150685	20042831.8973	3.0	1.0
94	20150422	5591.43150685	20042831.8973	3.0	1.0
81	20150423	5591.43150685	20042831.8973	3.0	1.0
84	20150424	5591.43150685	20042831.8973	3.0	1.0
73	20150425	5591.43150685	20042831.8973	3.0	1.0
81	20150426	5591.43150685	20042831.8973	3.0	1.0
84	20150427	5591.43150685	20042831.8973	3.0	1.0
149	20150428	5591.43150685	20042831.8973	3.0	1.0
102	20150429	5591.43150685	20042831.8973	3.0	1.0
108	20150430	5591.43150685	20042831.8973	3.0	1.0
78	20150501	5591.43150685	20042831.8973	3.0	1.0
97	20150502	5591.43150685	20042831.8973	3.0	1.0
66	20150503	5591.43150685	20042831.8973	3.0	1.0
82	20150504	5591.43150685	20042831.8973	3.0	1.0
64	20150505	5591.43150685	20042831.8973	3.0	1.0
111	20150506	5591.43150685	20042831.8973	3.0	1.0
59	20150507	5591.43150685	20042831.8973	3.0	1.0
141	20150508	5591.43150685	20042831.8973	3.0	1.0
100	20150509	5591.43150685	20042831.8973	3.0	1.0
117	20150510	5591.43150685	20042831.8973	3.0	1.0
107	20150511	5591.43150685	20042831.8973	3.0	1.0
124	20150512	5591.43150685	20042831.8973	3.0	1.0
99	20150513	5591.43150685	20042831.8973	3.0	1.0
118	20150514	5591.43150685	20042831.8973	3.0	1.0
96	20150515	5591.43150685	20042831.8973	3.0	1.0
84	20150516	5591.43150685	20042831.8973	3.0	1.0
95	20150517	5591.43150685	20042831.8973	3.0	1.0
167	20150518	5591.43150685	20042831.8973	3.0	1.0
141	20150519	5591.43150685	20042831.8973	3.0	1.0
166	20150520	5591.43150685	20042831.8973	3.0	1.0
195	20150521	5591.43150685	20042831.8973	3.0	1.0
132	20150522	5591.43150685	20042831.8973	3.0	1.0
86	20150523	5591.43150685	20042831.8973	3.0	1.0
137	20150524	5591.43150685	20042831.8973	3.0	1.0
134	20150525	5591.43150685	20042831.8973	3.0	1.0
164	20150526	5591.43150685	20042831.8973	3.0	1.0
121	20150527	5591.43150685	20042831.8973	3.0	1.0
132	20150528	5591.43150685	20042831.8973	3.0	1.0
111	20150529	5591.43150685	20042831.8973	3.0	1.0
137	20150530	5591.43150685	20042831.8973	3.0	1.0
121	20150531	5591.43150685	20042831.8973	3.0	1.0
102	20150601	5591.43150685	20042831.8973	3.0	1.0
124	20150602	5591.43150685	20042831.8973	3.0	1.0
56	20150603	5591.43150685	20042831.8973	3.0	1.0
85	20150604	5591.43150685	20042831.8973	3.0	1.0
93	20150605	5591.43150685	20042831.8973	3.0	1.0
96	20150606	5591.43150685	20042831.8973	3.0	1.0
64	20150607	5591.43150685	20042831.8973	3.0	1.0
55	20150608	5591.43150685	20042831.8973	3.0	1.0
63	20150609	5591.43150685	20042831.8973	3.0	1.0
62	20150610	5591.43150685	20042831.8973	3.0	1.0
80	20150611	5591.43150685	20042831.8973	3.0	1.0
46	20150612	5591.43150685	20042831.8973	3.0	1.0
90	20150613	5591.43150685	20042831.8973	3.0	1.0
101	20150614	5591.43150685	20042831.8973	3.0	1.0
77	20150615	5591.43150685	20042831.8973	3.0	1.0
114	20150616	5591.43150685	20042831.8973	3.0	1.0
43	20150617	5591.43150685	20042831.8973	3.0	1.0
86	20150618	5591.43150685	20042831.8973	3.0	1.0
69	20150619	5591.43150685	20042831.8973	3.0	1.0
59	20150620	5591.43150685	20042831.8973	3.0	1.0
75	20150621	5591.43150685	20042831.8973	3.0	1.0
84	20150622	5591.43150685	20042831.8973	3.0	1.0
82	20150623	5591.43150685	20042831.8973	3.0	1.0
75	20150624	5591.43150685	20042831.8973	3.0	1.0
89	20150625	5591.43150685	20042831.8973	3.0	1.0
104	20150626	5591.43150685	20042831.8973	3.0	1.0
92	20150627	5591.43150685	20042831.8973	3.0	1.0
87	20150628	5591.43150685	20042831.8973	3.0	1.0
79	20150629	5591.43150685	20042831.8973	3.0	1.0
95	20150630	5591.43150685	20042831.8973	3.0	1.0
56	20150701	5591.43150685	20042831.8973	3.0	1.0
57	20150702	5591.43150685	20042831.8973	3.0	1.0
89	20150703	5591.43150685	20042831.8973	3.0	1.0
114	20150704	5591.43150685	20042831.8973	3.0	1.0
106	20150705	5591.43150685	20042831.8973	3.0	1.0
77	20150706	5591.43150685	20042831.8973	3.0	1.0
82	20150707	5591.43150685	20042831.8973	3.0	1.0
92	20150708	5591.43150685	20042831.8973	3.0	1.0
111	20150709	5591.43150685	20042831.8973	3.0	1.0
94	20150710	5591.43150685	20042831.8973	3.0	1.0
209	20150711	5591.43150685	20042831.8973	3.0	1.0
65	20150712	5591.43150685	20042831.8973	3.0	1.0
116	20150713	5591.43150685	20042831.8973	3.0	1.0
161	20150714	5591.43150685	20042831.8973	3.0	1.0
89	20150715	5591.43150685	20042831.8973	3.0	1.0
93	20150716	5591.43150685	20042831.8973	3.0	1.0
87	20150717	5591.43150685	20042831.8973	3.0	1.0
100	20150718	5591.43150685	20042831.8973	3.0	1.0
72	20150719	5591.43150685	20042831.8973	3.0	1.0
87	20150720	5591.43150685	20042831.8973	3.0	1.0
75	20150721	5591.43150685	20042831.8973	3.0	1.0
83	20150722	5591.43150685	20042831.8973	3.0	1.0
99	20150723	5591.43150685	20042831.8973	3.0	1.0
81	20150724	5591.43150685	20042831.8973	3.0	1.0
81	20150725	5591.43150685	20042831.8973	3.0	1.0
49	20150726	5591.43150685	20042831.8973	3.0	1.0
64	20150727	5591.43150685	20042831.8973	3.0	1.0
55	20150728	5591.43150685	20042831.8973	3.0	1.0
119	20150729	5591.43150685	20042831.8973	3.0	1.0
84	20150730	5591.43150685	20042831.8973	3.0	1.0
48	20150731	5591.43150685	20042831.8973	3.0	1.0
70	20150801	5591.43150685	20042831.8973	3.0	1.0
58	20150802	5591.43150685	20042831.8973	3.0	1.0
46	20150803	5591.43150685	20042831.8973	3.0	1.0
51	20150804	5591.43150685	20042831.8973	3.0	1.0
124	20150805	5591.43150685	20042831.8973	3.0	1.0
70	20150806	5591.43150685	20042831.8973	3.0	1.0
101	20150807	5591.43150685	20042831.8973	3.0	1.0
86	20150808	5591.43150685	20042831.8973	3.0	1.0
54	20150809	5591.43150685	20042831.8973	3.0	1.0
58	20150810	5591.43150685	20042831.8973	3.0	1.0
49	20150811	5591.43150685	20042831.8973	3.0	1.0
86	20150812	5591.43150685	20042831.8973	3.0	1.0
61	20150813	5591.43150685	20042831.8973	3.0	1.0
65	20150814	5591.43150685	20042831.8973	3.0	1.0
71	20150815	5591.43150685	20042831.8973	3.0	1.0
50	20150816	5591.43150685	20042831.8973	3.0	1.0
89	20150817	5591.43150685	20042831.8973	3.0	1.0
55	20150818	5591.43150685	20042831.8973	3.0	1.0
147	20150819	5591.43150685	20042831.8973	3.0	1.0
118	20150820	5591.43150685	20042831.8973	3.0	1.0
145	20150821	5591.43150685	20042831.8973	3.0	1.0
129	20150822	5591.43150685	20042831.8973	3.0	1.0
74	20150823	5591.43150685	20042831.8973	3.0	1.0
60	20150824	5591.43150685	20042831.8973	3.0	1.0
71	20150825	5591.43150685	20042831.8973	3.0	1.0
99	20150826	5591.43150685	20042831.8973	3.0	1.0
77	20150827	5591.43150685	20042831.8973	3.0	1.0
93	20150828	5591.43150685	20042831.8973	3.0	1.0
68	20150829	5591.43150685	20042831.8973	3.0	1.0
55	20150830	5591.43150685	20042831.8973	3.0	1.0
